2.351830 1.993800 -0.826150
2.358780 1.985570 -0.826150
2.356800 1.969890 -0.823045
2.369610 1.966590 -0.825115
2.382420 1.963220 -0.827186
2.383280 1.950000 -0.825115
2.384080 1.936800 -0.823045
2.393830 1.930890 -0.824080
2.406250 1.927770 -0.826150
2.409940 1.916950 -0.825115
2.410550 1.903740 -0.823045
2.408390 1.887740 -0.819939
2.421060 1.884070 -0.822009
2.430680 1.877970 -0.823045
2.433830 1.867550 -0.822009
2.431120 1.852020 -0.818903
2.434490 1.841190 -0.817868
2.443990 1.835000 -0.818903
2.446640 1.825000 -0.817868
2.459530 1.820620 -0.819939
2.459640 1.807450 -0.817868
2.459690 1.794300 -0.815798
2.470320 1.789530 -0.817351
2.476550 1.780890 -0.817351
2.772610 1.992320 -0.788229
2.485900 1.774480 -0.818386
2.768440 1.974710 -0.785079
2.492390 1.765360 -0.818386
2.781680 1.969540 -0.786879
2.489050 1.749980 -0.815280
2.784100 1.955970 -0.785529
2.490390 1.737970 -0.813727
2.785770 1.943380 -0.784179
2.500910 1.733000 -0.815280
2.792540 1.933650 -0.784179
2.510120 1.726450 -0.816315
2.802150 1.926580 -0.785079
2.507860 1.712670 -0.813727
2.799200 1.910200 -0.782380
2.512220 1.702820 -0.813209
2.809070 1.902600 -0.783280
2.521360 1.696200 -0.814245
2.810850 1.889520 -0.781930
2.521130 1.682660 -0.812174
2.806080 1.872130 -0.778781
2.530210 1.675980 -0.813209
2.817800 1.865060 -0.780130
2.536040 1.667140 -0.813209
2.823970 1.855700 -0.780130
2.531850 1.652380 -0.810104
2.836950 1.850090 -0.781930
2.537600 1.643530 -0.810104
2.827040 1.829590 -0.777431
2.544950 1.635710 -0.810621
2.836680 1.821820 -0.778331
2.555810 1.629490 -0.812174
2.828240 1.802480 -0.774282
2.558220 1.618490 -0.811139
2.833180 1.791060 -0.773832
2.547770 1.598840 -0.805963
2.842710 1.783230 -0.774731
2.565900 1.599000 -0.810104
2.840340 1.768640 -0.772482
3.201820 1.992960 -0.733088
2.568180 1.588000 -0.809068
2.844840 1.757690 -0.772032
3.207090 1.980740 -0.732707
2.580290 1.583070 -0.811139
2.847630 1.745720 -0.771132
3.210640 1.967480 -0.731943
2.579200 1.570030 -0.809068
2.856740 1.738290 -0.772032
3.227550 1.962380 -0.734233
2.567860 1.551480 -0.803892
2.864460 1.729310 -0.772482
3.230680 1.949640 -0.733470
2.579890 1.546480 -0.805963
2.863490 1.715800 -0.770682
3.225670 1.931290 -0.730798
2.588320 1.539890 -0.806998
2.861080 1.700820 -0.768433
3.232060 1.920580 -0.730798
2.587030 1.526920 -0.804927
2.875400 1.695770 -0.770682
3.235360 1.907290 -0.730035
2.592340 1.517880 -0.804927
2.871210 1.679820 -0.767983
3.240300 1.895000 -0.729654
2.589270 1.503970 -0.802339
2.880420 1.671740 -0.768883
3.265580 1.894510 -0.733851
2.589480 1.492030 -0.800786
2.879490 1.657780 -0.767083
3.260260 1.876250 -0.731180
2.604740 1.488730 -0.803892
2.880180 1.644820 -0.765733
3.259970 1.860960 -0.729654
2.608240 1.478680 -0.803374
2.879120 1.630920 -0.763934
3.278400 1.856340 -0.732325
2.606650 1.465780 -0.801304
2.893290 1.625630 -0.766183
3.271170 1.837200 -0.729272
2.606690 1.453850 -0.799751
2.900650 1.616470 -0.766633
3.274130 1.823860 -0.728509
2.611500 1.445190 -0.799751
2.894060 1.600240 -0.763484
3.273290 1.809190 -0.726982
2.616270 1.436530 -0.799751
2.904470 1.593450 -0.764834
3.296480 1.807770 -0.730798
2.621270 1.427390 -0.799751
2.908300 1.582370 -0.764384
3.316570 1.803750 -0.733851
2.626240 1.418230 -0.799751
2.903520 1.566650 -0.761684
3.284830 1.771660 -0.725456
2.629720 1.407680 -0.799233
2.919280 1.562030 -0.764384
3.293040 1.760540 -0.725837
2.627790 1.394870 -0.797163
2.916380 1.546750 -0.762134
3.302630 1.750870 -0.726601
2.625800 1.382090 -0.795092
2.916580 1.533840 -0.760784
3.291350 1.730190 -0.722785
3.773970 1.982220 -0.675171
2.640890 1.378280 -0.798198
2.927110 1.526350 -0.762134
3.297370 1.718690 -0.722785
3.822910 1.990930 -0.682680
2.637100 1.364610 -0.795610
2.928950 1.514340 -0.761234
3.303340 1.707170 -0.722785
3.812290 1.968510 -0.679551
2.637940 1.354550 -0.794574
2.940630 1.508680 -0.763034
3.296760 1.689940 -0.720113
3.790320 1.942110 -0.674546
2.649780 1.348380 -0.796645
2.939190 1.494360 -0.761234
3.306430 1.679630 -0.720876
3.804460 1.931780 -0.675797
2.649520 1.336050 -0.795092
2.944650 1.483580 -0.761234
3.328050 1.676020 -0.724311
3.804460 1.914280 -0.674546
2.659120 1.329850 -0.796645
2.939090 1.468580 -0.758535
3.324810 1.660590 -0.722403
3.835530 1.914000 -0.678926
2.646210 1.312440 -0.791469
2.950930 1.462290 -0.760335
3.332060 1.650430 -0.722785
3.778120 1.869730 -0.667662
2.642340 1.298470 -0.788880
2.954270 1.451120 -0.759885
3.309890 1.624360 -0.716679
3.862990 1.894130 -0.681429
2.659010 1.295160 -0.792504
2.954310 1.437720 -0.758535
3.340250 1.624820 -0.722021
3.834040 1.863370 -0.675171
2.661770 1.285030 -0.791986
2.948530 1.422840 -0.755836
3.345900 1.613150 -0.722021
3.847320 1.854070 -0.676423
2.666020 1.276200 -0.791986
2.957000 1.414220 -0.756735
3.329980 1.591890 -0.717442
3.810990 1.820200 -0.668914
2.670680 1.266420 -0.791986
2.968960 1.407230 -0.758535
3.332240 1.577990 -0.716679
3.831920 1.812980 -0.671417
2.664600 1.252160 -0.788880
2.977630 1.397990 -0.759435
3.344840 1.569690 -0.718205
3.859680 1.809650 -0.675171
2.672240 1.244950 -0.789916
2.961040 1.378240 -0.754036
3.332230 1.550310 -0.714389
3.826260 1.778520 -0.668288
2.683360 1.239320 -0.791986
2.960290 1.365970 -0.752686
3.367660 1.553220 -0.720876
3.803430 1.752600 -0.663282
2.684370 1.227870 -0.790951
2.970360 1.358060 -0.754036
3.341180 1.526190 -0.714007
3.852960 1.758330 -0.670791
2.678090 1.213710 -0.787845
2.975310 1.347160 -0.754036
3.355430 1.518560 -0.715915
3.808670 1.722080 -0.662031
2.682310 1.204350 -0.787845
2.983320 1.338880 -0.754936
3.348170 1.501220 -0.713244
3.835990 1.719140 -0.665785
4.462410 1.998000 -0.600328
2.689820 1.197020 -0.788880
2.977290 1.323710 -0.752236
3.360310 1.493300 -0.714771
3.809470 1.691310 -0.660154
4.469350 1.982410 -0.600328
2.694190 1.187150 -0.788880
2.969410 1.307810 -0.749087
3.367560 1.481760 -0.715152
3.833730 1.685280 -0.663282
4.468980 1.963610 -0.599353
2.701850 1.179290 -0.789916
2.979540 1.299250 -0.750437
3.370910 1.469210 -0.714771
3.843210 1.673470 -0.663908
4.467040 1.943250 -0.598135
2.702410 1.168320 -0.788880
2.998150 1.295550 -0.754036
3.359800 1.450430 -0.711336
3.848740 1.660720 -0.663908
4.477110 1.930000 -0.598622
2.692060 1.153260 -0.784739
2.997280 1.282780 -0.752686
3.371810 1.442370 -0.712862
3.843610 1.642610 -0.662031
4.480170 1.912800 -0.598135
2.699630 1.145370 -0.785775
2.998150 1.270790 -0.751786
3.385860 1.434430 -0.714771
3.820220 1.616870 -0.657025
4.483160 1.895610 -0.597647
2.705390 1.136690 -0.786292
2.993580 1.256540 -0.749537
3.363690 1.411200 -0.709046
3.854990 1.615740 -0.662031
4.504400 1.886080 -0.599597
2.714690 1.129460 -0.787845
2.997950 1.246080 -0.749537
3.375850 1.402470 -0.710573
3.860600 1.602270 -0.662031
4.483450 1.858940 -0.595941
2.718620 1.119980 -0.787845
3.000480 1.234870 -0.749087
3.360750 1.382460 -0.706375
3.851560 1.582780 -0.659528
4.480730 1.839510 -0.594722
2.704620 1.103190 -0.782669
3.011770 1.227860 -0.750887
3.372830 1.373680 -0.707901
3.882400 1.580430 -0.663908
4.477610 1.820900 -0.593504
2.715430 1.097110 -0.784739
3.008810 1.214420 -0.749087
3.390110 1.367630 -0.710573
3.847580 1.550620 -0.657025
4.502350 1.812670 -0.595941
2.717640 1.086430 -0.784222
3.018460 1.206080 -0.750437
3.398750 1.356650 -0.711336
3.849570 1.535050 -0.656399
4.501280 1.794010 -0.594966
2.725010 1.078360 -0.785257
2.997490 1.184980 -0.744138
3.410770 1.347660 -0.712862
3.869610 1.527400 -0.658902
4.500430 1.774590 -0.593991
2.719760 1.065320 -0.782669
3.006850 1.177160 -0.745488
3.382540 1.322880 -0.705993
3.859930 1.508810 -0.656399
4.509990 1.761090 -0.594479
2.716080 1.053500 -0.780598
3.034560 1.175810 -0.751337
3.396060 1.315200 -0.707901
3.894650 1.506730 -0.661405
4.516110 1.745340 -0.594479
2.719740 1.044010 -0.780598
3.033190 1.163120 -0.749987
3.417130 1.309660 -0.711336
3.866680 1.480410 -0.655773
4.522180 1.729560 -0.594479
2.730590 1.037250 -0.782669
3.028120 1.149070 -0.747737
3.418010 1.296330 -0.710573
3.875520 1.468300 -0.656399
4.517050 1.709560 -0.593016
2.741430 1.030430 -0.784739
3.028460 1.137120 -0.746837
3.413320 1.280940 -0.708665
3.880620 1.454770 -0.656399
4.519270 1.692380 -0.592529
2.745010 1.020860 -0.784739
3.034240 1.127220 -0.747287
3.419610 1.269700 -0.709046
3.904200 1.448080 -0.659528
4.525150 1.676600 -0.592529
5.358570 1.984320 -0.499925
2.737670 1.007270 -0.781634
3.036330 1.115950 -0.746837
3.389010 1.244900 -0.701796
3.909230 1.434440 -0.659528
4.519790 1.656690 -0.591066
5.376690 1.969720 -0.500971
2.733910 0.995063 -0.779563
3.045700 1.107340 -0.748187
3.413630 1.240440 -0.705993
3.903070 1.416750 -0.657651
4.519950 1.638870 -0.590335
5.361050 1.942790 -0.498879
2.748270 0.989441 -0.782669
3.040380 1.093400 -0.745938
3.414250 1.227190 -0.705230
3.911710 1.404450 -0.658276
4.527510 1.623760 -0.590579
5.394060 1.933480 -0.501320
2.751710 0.979841 -0.782669
3.040500 1.081480 -0.745038
3.425910 1.217890 -0.706757
3.924030 1.393430 -0.659528
4.525390 1.606080 -0.589604
5.393260 1.911970 -0.500623
2.745840 0.967500 -0.780081
3.044070 1.071390 -0.745038
3.415110 1.201310 -0.703704
3.917450 1.376480 -0.657651
4.530690 1.591060 -0.589604
5.422130 1.901990 -0.502714
2.747200 0.957754 -0.779563
3.040250 1.058730 -0.743238
3.439470 1.197080 -0.707901
3.914530 1.360890 -0.656399
4.534340 1.574590 -0.589360
5.387000 1.869630 -0.498879
2.745050 0.946270 -0.778010
3.049450 1.050010 -0.744588
3.413930 1.174840 -0.701796
3.900580 1.340790 -0.653270
4.541680 1.559400 -0.589604
5.401030 1.853400 -0.499577
2.759310 0.940421 -0.781116
3.038340 1.034340 -0.740989
3.440310 1.170510 -0.706375
3.905230 1.327170 -0.653270
4.558380 1.547360 -0.591066
5.430110 1.842220 -0.501668
2.764410 0.931399 -0.781634
3.052840 1.027990 -0.743688
3.436930 1.155990 -0.704848
3.954550 1.329320 -0.660779
4.540900 1.524650 -0.588142
5.413840 1.815650 -0.499577
2.756480 0.918563 -0.778528
3.058250 1.017940 -0.744138
3.427910 1.139650 -0.702177
3.959170 1.315500 -0.660779
4.546200 1.508790 -0.588142
5.420150 1.796740 -0.499577
2.769010 0.911475 -0.781116
3.065670 1.007940 -0.745038
3.448850 1.132590 -0.705612
3.930180 1.289900 -0.655148
4.557360 1.493980 -0.588873
5.388820 1.764460 -0.496091
2.761310 0.897735 -0.778010
3.074900 0.998504 -0.746388
3.432430 1.113280 -0.701414
3.923600 1.271830 -0.653270
4.568470 1.479100 -0.589604
5.399050 1.745930 -0.496439
2.760900 0.886428 -0.776975
3.063700 0.982466 -0.742788
3.447710 1.104280 -0.703704
3.932000 1.258640 -0.653896
4.573860 1.462340 -0.589604
5.384530 1.719460 -0.494522
2.774870 0.880775 -0.780081
3.065080 0.971711 -0.742338
3.449290 1.092860 -0.703322
3.962520 1.253940 -0.658276
4.567320 1.443580 -0.588142
5.389910 1.702530 -0.494522
2.766870 0.867615 -0.776975
3.079440 0.965039 -0.745038
3.421230 1.070840 -0.696835
3.944030 1.233720 -0.654522
4.568300 1.427240 -0.587654
5.380600 1.678960 -0.493127
2.766040 0.857290 -0.775940
3.080930 0.953708 -0.744588
3.432270 1.061810 -0.698361
3.974740 1.228110 -0.658902
4.565660 1.408940 -0.586679
5.386140 1.661110 -0.493127
2.776400 0.849893 -0.778010
3.080510 0.941808 -0.743688
3.439710 1.050970 -0.699124
3.944990 1.203850 -0.653270
4.581950 1.396470 -0.588142
5.409060 1.647520 -0.494696
6.525390 1.985050 -0.357455
2.773810 0.838519 -0.776457
3.078190 0.929360 -0.742338
3.465910 1.045760 -0.703704
3.945390 1.188930 -0.652645
4.558040 1.372680 -0.584485
5.422410 1.630930 -0.495393
6.513150 1.956520 -0.356408
2.778420 0.829868 -0.776975
3.075650 0.917477 -0.740989
3.444900 1.026970 -0.698743
3.972030 1.182610 -0.656399
4.564470 1.358130 -0.584729
5.427790 1.612940 -0.495393
6.515770 1.933770 -0.356199
2.790420 0.823384 -0.779563
3.091760 0.911127 -0.744138
3.478420 1.024410 -0.704848
3.975930 1.169430 -0.656399
4.592040 1.348900 -0.587654
5.444580 1.598300 -0.496439
6.571980 1.926760 -0.358920
2.782150 0.810398 -0.776457
3.094920 0.900329 -0.744138
3.474430 1.010080 -0.703322
3.972400 1.153340 -0.655148
4.573840 1.326230 -0.584729
5.430990 1.573740 -0.494696
6.536460 1.891600 -0.356617
2.781250 0.799613 -0.775422
3.096170 0.888983 -0.743688
3.455290 0.991442 -0.698743
3.976400 1.139460 -0.655148
4.597530 1.315720 -0.587167
5.436450 1.554770 -0.494696
6.546860 1.869870 -0.356827
2.791460 0.792008 -0.777492
3.076760 0.871795 -0.738289
3.477620 0.984723 -0.702559
3.980350 1.125580 -0.655148
4.588720 1.295880 -0.585460
5.434170 1.533620 -0.493999
6.507210 1.834000 -0.354314
2.779320 0.778093 -0.773351
3.092920 0.864722 -0.741439
3.473470 0.970465 -0.701032
3.976650 1.109550 -0.653896
4.579830 1.276130 -0.583754
5.447170 1.516780 -0.494696
6.494330 1.805920 -0.353268
2.793200 0.771473 -0.776457
3.079010 0.849258 -0.737390
3.473060 0.957292 -0.700269
3.976690 1.094620 -0.653270
4.591910 1.262240 -0.584729
5.437060 1.493530 -0.493302
6.469780 1.774790 -0.351593
2.775370 0.756133 -0.770763
3.097000 0.842597 -0.740989
3.465010 0.942073 -0.697979
3.976670 1.079690 -0.652645
4.590540 1.244640 -0.583998
5.434550 1.472460 -0.492604
6.487500 1.755320 -0.352221
2.781720 0.747443 -0.771798
3.107450 0.833802 -0.742788
3.479650 0.933022 -0.700269
4.003310 1.071940 -0.656399
4.600610 1.230150 -0.584729
5.470450 1.461710 -0.495393
6.462710 1.724430 -0.350546
2.797390 0.741191 -0.775422
3.095270 0.818962 -0.739189
3.471500 0.917858 -0.697979
3.995570 1.054930 -0.654522
4.593360 1.211050 -0.583267
5.436990 1.432450 -0.491907
6.457100 1.698810 -0.349918
2.799960 0.731422 -0.775422
3.096080 0.808201 -0.738739
3.489880 0.909697 -0.701032
4.002870 1.042670 -0.655148
4.606960 1.198310 -0.584485
5.449670 1.415470 -0.492604
6.462700 1.677390 -0.349918
2.789270 0.718759 -0.771798
3.115870 0.801759 -0.742788
3.492880 0.898120 -0.701032
3.995010 1.025740 -0.653270
4.620730 1.184680 -0.585704
5.443000 1.393480 -0.491558
6.433690 1.645910 -0.348034
2.791890 0.708532 -0.771798
3.124320 0.792315 -0.744138
3.515180 0.890132 -0.704848
3.979590 1.006250 -0.650142
4.615210 1.166110 -0.584485
5.447830 1.374470 -0.491558
6.470670 1.630120 -0.349709
2.792470 0.698313 -0.771281
3.106400 0.775666 -0.739189
3.506840 0.875004 -0.702559
3.983080 0.992355 -0.650142
4.623310 1.150150 -0.584973
5.452590 1.355440 -0.491558
6.445300 1.599830 -0.348034
2.800520 0.689947 -0.772834
3.112740 0.766293 -0.740089
3.521310 0.865568 -0.704848
4.001690 0.982910 -0.652645
4.617460 1.132450 -0.583754
5.461160 1.337350 -0.491907
6.458330 1.580340 -0.348453
8.182040 1.999110 -0.147019
2.810300 0.682479 -0.774904
3.105930 0.753126 -0.737839
3.497450 0.847413 -0.699506
3.989740 0.965220 -0.650142
4.611730 1.113990 -0.582536
5.453940 1.316430 -0.490861
6.459930 1.556860 -0.348243
8.227850 1.979890 -0.147717
2.801390 0.669971 -0.771798
3.116120 0.744089 -0.739639
3.500380 0.835200 -0.699506
4.016140 0.956780 -0.653896
4.619460 1.098810 -0.583023
5.470140 1.300140 -0.491907
6.502240 1.543060 -0.350232
8.189960 1.940550 -0.146914
2.799950 0.659302 -0.770763
3.114910 0.732316 -0.738739
3.480340 0.817590 -0.694926
4.019460 0.942756 -0.653896
4.603940 1.078150 -0.580586
5.443600 1.273780 -0.489118
6.536760 1.527170 -0.351802
8.151890 1.901510 -0.146112
2.798470 0.648652 -0.769728
3.117440 0.721438 -0.738739
3.509950 0.811629 -0.700269
4.030420 0.930496 -0.655148
4.619280 1.064750 -0.582048
5.467430 1.259240 -0.490861
6.526480 1.500760 -0.350965
8.064930 1.851560 -0.144436
2.804490 0.639738 -0.770763
3.110440 0.708388 -0.736490
3.518510 0.800678 -0.701414
4.033650 0.916423 -0.655148
4.617160 1.047300 -0.581317
5.471790 1.240150 -0.490861
6.539470 1.479730 -0.351384
8.014780 1.810620 -0.143424
2.801050 0.628675 -0.769210
3.126210 0.700508 -0.739639
3.515540 0.787104 -0.700269
4.029110 0.900612 -0.653896
4.634350 1.034200 -0.583023
5.456640 1.216700 -0.489118
6.536800 1.455160 -0.350965
8.056180 1.790440 -0.144052
2.801340 0.618478 -0.768693
3.128630 0.689592 -0.739639
3.487580 0.768072 -0.694163
4.009080 0.881453 -0.650142
4.603030 1.010360 -0.578636
5.468640 1.199360 -0.489815
6.514530 1.426350 -0.349500
8.148340 1.781100 -0.145588
2.799700 0.607875 -0.767657
3.127210 0.677842 -0.738739
3.536300 0.765866 -0.703322
4.035300 0.872464 -0.653896
4.633690 1.000150 -0.582048
5.480580 1.181940 -0.490513
6.527280 1.405290 -0.349918
8.170150 1.756000 -0.145867
2.801810 0.598100 -0.767657
3.131460 0.667327 -0.739189
3.531270 0.751884 -0.701796
4.046050 0.860014 -0.655148
4.644750 0.986428 -0.583023
5.480780 1.161980 -0.490164
6.532140 1.382490 -0.349918
8.187670 1.731380 -0.146077
2.818900 0.591981 -0.771798
3.124120 0.654939 -0.736940
3.514520 0.736144 -0.697979
4.017940 0.840123 -0.650142
4.620790 0.965335 -0.579611
5.472900 1.141350 -0.489118
6.536690 1.360830 -0.349918
8.179660 1.701370 -0.145832
2.820850 0.582631 -0.771798
3.124370 0.644183 -0.736490
3.515020 0.724090 -0.697598
4.020700 0.826795 -0.650142
4.614410 0.947203 -0.578392
5.476650 1.123200 -0.489118
6.525510 1.335940 -0.349081
8.165950 1.668810 -0.145483
2.815290 0.571243 -0.769728
3.126600 0.633274 -0.736490
3.509830 0.710257 -0.696071
4.023570 0.812756 -0.650142
4.639090 0.935404 -0.581073
5.492260 1.106440 -0.490164
6.530140 1.313150 -0.349081
8.154090 1.636750 -0.145169
2.804010 0.558770 -0.766104
3.138350 0.624256 -0.738739
3.527700 0.701064 -0.699124
4.026380 0.798705 -0.650142
4.657910 0.922293 -0.583023
5.484360 1.084940 -0.489118
6.550360 1.293440 -0.349918
8.140130 1.604410 -0.144820
2.819210 0.551575 -0.769728
3.138590 0.612924 -0.738289
3.526270 0.687992 -0.698361
4.029140 0.784646 -0.650142
4.633820 0.900724 -0.579611
5.511580 1.070350 -0.491210
6.546990 1.269050 -0.349500
8.145680 1.575990 -0.144820
2.809740 0.539544 -0.766622
3.115830 0.597197 -0.732441
3.524790 0.674940 -0.697598
4.008570 0.766128 -0.646387
4.638890 0.884917 -0.579854
5.491800 1.046620 -0.489118
6.571000 1.249920 -0.350546
8.135420 1.544560 -0.144541
2.819200 0.531164 -0.768693
3.131310 0.588837 -0.735590
3.530980 0.663358 -0.698361
4.034520 0.756498 -0.650142
4.634140 0.867257 -0.578879
5.526760 1.033310 -0.491907
6.571390 1.226240 -0.350337
8.168280 1.521280 -0.145030
2.817240 0.520619 -0.767657
3.131430 0.577550 -0.735140
3.519760 0.648539 -0.695690
4.037140 0.742411 -0.650142
4.637140 0.851074 -0.578879
5.491140 1.006820 -0.488421
6.575640 1.203300 -0.350337
8.138130 1.486290 -0.144401
2.809530 0.509060 -0.765069
3.148760 0.569389 -0.738739
11.016300 1.990100 0.586686
3.545190 0.640437 -0.700269
11.015300 1.987920 0.979282
4.020260 0.724809 -0.647013
11.087000 1.996870 1.383220
4.651810 0.836992 -0.580342
5.475010 0.984123 -0.486678
6.532610 1.171870 -0.347825
8.099970 1.450120 -0.143633
2.818900 0.500600 -0.767140
3.135380 0.555675 -0.735140
11.278500 1.998860 0.600293
3.512610 0.621897 -0.693400
11.238000 1.987630 0.998456
4.042220 0.714209 -0.650142
11.303100 1.995080 1.409300
4.650790 0.820059 -0.579854
5.537270 0.975376 -0.491907
6.536670 1.149060 -0.347825
8.112610 1.424630 -0.143773
2.832050 0.492744 -0.770245
3.137210 0.545275 -0.735140
11.423200 1.983390 0.607621
3.541840 0.614328 -0.698743
11.470600 1.987510 1.018500
4.005640 0.694056 -0.643884
11.503300 1.991100 1.433430
4.633920 0.801250 -0.577417
5.497450 0.948587 -0.488072
6.540440 1.127380 -0.347825
8.121470 1.396980 -0.143843
2.820340 0.481075 -0.766622
3.142930 0.534974 -0.736040
11.725400 1.993720 0.623321
3.539980 0.601920 -0.697979
11.754100 1.996500 1.043080
4.046990 0.686678 -0.650142
11.745000 1.990740 1.462680
4.636690 0.785071 -0.577417
5.504500 0.931017 -0.488421
6.571910 1.109200 -0.349290
8.118410 1.367300 -0.143703
2.814380 0.469956 -0.764552
3.139020 0.523040 -0.734690
11.960800 1.990830 0.635463
3.524630 0.586661 -0.694545
11.947700 1.986500 1.059640
4.018180 0.667367 -0.645136
11.988900 1.989050 1.492170
4.651150 0.770827 -0.578879
5.488060 0.908541 -0.486678
6.528450 1.078440 -0.346778
8.099460 1.335050 -0.143284
2.825530 0.461686 -0.767140
3.146590 0.513019 -0.736040
3.528600 0.574669 -0.694926
4.051690 0.658408 -0.650142
4.653810 0.754590 -0.578879
5.506930 0.891929 -0.488072
6.579490 1.063290 -0.349290
8.092220 1.304860 -0.143075
2.823310 0.451211 -0.766104
3.144520 0.501418 -0.735140
3.532520 0.562658 -0.695308
4.053960 0.644260 -0.650142
4.656420 0.738339 -0.578879
5.494260 0.870205 -0.486678
6.555540 1.035950 -0.347825
8.132280 1.282210 -0.143703
2.830600 0.442247 -0.767657
3.142390 0.489840 -0.734240
3.551920 0.553041 -0.698743
4.056180 0.630105 -0.650142
4.657010 0.721776 -0.578636
5.485460 0.849194 -0.485632
6.511750 1.005750 -0.345313
8.101140 1.248330 -0.143075
2.839760 0.433529 -0.769728
3.140230 0.478281 -0.733340
13.014200 1.979830 0.689893
3.553830 0.540638 -0.698743
13.022200 1.978730 1.152370
4.058360 0.615944 -0.650142
4.661460 0.705813 -0.578879
5.535670 0.837193 -0.489815
6.562620 0.990161 -0.347825
8.105440 1.220040 -0.143075
2.825970 0.421336 -0.765587
3.153450 0.469037 -0.736040
13.246300 1.967850 0.701825
3.534330 0.525057 -0.694545
13.285200 1.971270 1.175030
4.060480 0.601773 -0.650142
4.644260 0.686633 -0.576442
5.491250 0.810878 -0.485632
6.538370 0.963171 -0.346359
8.109650 1.191750 -0.143075
2.835070 0.412582 -0.767657
3.147350 0.456906 -0.734240
13.545600 1.964020 0.717317
3.524490 0.511027 -0.692255
13.595700 1.968860 1.201880
4.062560 0.587596 -0.650142
4.674140 0.674387 -0.579854
5.494050 0.791706 -0.485632
6.569370 0.944318 -0.347825
8.090010 1.160030 -0.142656
2.823110 0.400783 -0.764034
3.156650 0.447009 -0.736040
13.947900 1.972660 0.738251
3.549580 0.502021 -0.696835
13.906300 1.964300 1.228720
4.064590 0.573411 -0.650142
4.668600 0.656959 -0.578879
5.480990 0.770303 -0.484237
6.552850 0.918610 -0.346778
8.129660 1.136770 -0.143284
2.835970 0.392515 -0.767140
3.142740 0.433856 -0.732441
14.207900 1.958880 0.751649
3.557140 0.490431 -0.697979
14.223000 1.958420 1.256090
4.066560 0.559220 -0.650142
4.635460 0.635804 -0.574492
5.495490 0.752790 -0.485283
6.559970 0.896270 -0.346987
8.086020 1.101900 -0.142447
2.833490 0.382096 -0.766104
3.142310 0.422623 -0.731991
14.527100 1.953810 0.768187
3.533540 0.474613 -0.693018
14.602900 1.958830 1.289030
4.068490 0.545020 -0.650142
4.651430 0.621461 -0.576198
5.513890 0.735709 -0.486678
6.519500 0.867574 -0.344685
8.089630 1.075080 -0.142447
2.842470 0.373209 -0.768175
3.145620 0.412454 -0.732441
3.531280 0.461768 -0.692255
14.973200 1.955310 1.321110
4.070270 0.531527 -0.650142
4.669210 0.608082 -0.578148
5.536180 0.719022 -0.488421
6.561960 0.851086 -0.346778
8.085400 1.045800 -0.142307
2.851360 0.364762 -0.770245
3.152840 0.402212 -0.733790
15.360600 1.956840 0.811521
3.536690 0.450552 -0.693018
15.355100 1.953420 1.354230
4.072100 0.517316 -0.650142
4.663430 0.590781 -0.577173
5.518770 0.698163 -0.486678
6.564890 0.828173 -0.346778
8.077100 1.016080 -0.142097
2.852610 0.354806 -0.770245
3.154230 0.391203 -0.733790
15.763800 1.952310 0.832456
3.528500 0.436996 -0.691110
15.753400 1.948230 1.388740
4.050360 0.500192 -0.646387
4.657580 0.573532 -0.576198
5.536990 0.680838 -0.488072
6.539980 0.801854 -0.345313
8.100450 0.990306 -0.142447
2.836570 0.342762 -0.765587
3.145900 0.379024 -0.731541
16.103600 1.937350 0.850041
3.539750 0.425850 -0.693018
16.132000 1.937900 1.421510
4.052080 0.486050 -0.646387
4.667440 0.558212 -0.577173
5.523510 0.659615 -0.486678
6.542740 0.779019 -0.345313
8.107830 0.962497 -0.142516
2.851180 0.334433 -0.769210
3.141400 0.367363 -0.730191
16.348301 1.908920 0.862601
3.545110 0.413946 -0.693782
16.615601 1.937180 1.463520
4.077300 0.474646 -0.650142
4.649640 0.539626 -0.574736
5.541610 0.642169 -0.488072
6.525580 0.753882 -0.344266
8.107160 0.933730 -0.142447
2.846580 0.323824 -0.767657
3.152340 0.357493 -0.732441
16.378700 1.854540 0.863857
3.546530 0.401569 -0.693782
16.937000 1.914760 1.491230
4.078930 0.460410 -0.650142
4.679110 0.526501 -0.578148
5.516100 0.619705 -0.485632
6.496420 0.727543 -0.342591
8.090500 0.903204 -0.142097
2.838090 0.312827 -0.765069
3.153570 0.346488 -0.732441
16.385099 1.797360 0.863857
3.544010 0.388760 -0.693018
4.111930 0.449605 -0.655148
4.665130 0.508443 -0.576198
5.490500 0.597431 -0.483191
6.578340 0.713475 -0.346778
8.089630 0.874529 -0.142028
2.860290 0.305173 -0.770763
3.152820 0.335270 -0.731991
16.391300 1.740150 0.863857
3.557060 0.377629 -0.695308
4.082050 0.431922 -0.650142
4.674780 0.492989 -0.577173
5.548130 0.583133 -0.488072
6.564900 0.688842 -0.345941
8.096610 0.846704 -0.142097
2.851780 0.293698 -0.768175
3.152040 0.324063 -0.731541
16.397200 1.682930 0.863857
3.546700 0.363389 -0.693018
4.083600 0.416959 -0.650142
4.660670 0.475057 -0.575223
5.550130 0.563764 -0.488072
6.527640 0.660751 -0.343847
8.123390 0.820850 -0.142516
2.841260 0.282594 -0.765069
3.164840 0.313662 -0.734240
16.331499 1.618580 0.860089
3.540130 0.350233 -0.691492
4.085030 0.402701 -0.650142
4.646570 0.456420 -0.573273
5.520340 0.541275 -0.485283
6.506050 0.635632 -0.342591
8.110280 0.790935 -0.142237
2.863380 0.274704 -0.770763
3.171680 0.303722 -0.735590
16.209801 1.549410 0.853390
3.551110 0.338806 -0.693400
4.086350 0.389151 -0.650142
4.657940 0.441947 -0.574492
5.490460 0.519000 -0.482494
6.508120 0.614055 -0.342591
8.097070 0.761120 -0.141958
2.837340 0.262713 -0.763516
10.734600 0.992041 0.188172
3.166900 0.292114 -0.734240
16.286699 1.499400 0.857158
3.554170 0.327208 -0.693782
4.087680 0.374888 -0.650142
4.663410 0.426045 -0.574980
5.539770 0.505136 -0.486678
6.510230 0.591332 -0.342591
8.091710 0.732132 -0.141818
2.844020 0.253321 -0.765069
10.734000 0.954212 0.188102
3.162080 0.280540 -0.732891
3.551380 0.314452 -0.693018
4.088960 0.360615 -0.650142
4.690580 0.412024 -0.578148
5.489890 0.481271 -0.482146
6.512250 0.568605 -0.342591
8.102180 0.704573 -0.141958
2.841030 0.243064 -0.764034
10.709400 0.914353 0.187613
3.155270 0.268838 -0.731091
16.224899 1.382400 0.853390
3.556360 0.302389 -0.693782
4.066580 0.344339 -0.646387
4.656380 0.392644 -0.573761
5.483600 0.461435 -0.481448
6.514200 0.545868 -0.342591
8.104480 0.677703 -0.141958
2.857270 0.234409 -0.768175
10.716400 0.879164 0.187683
3.152260 0.258057 -0.730191
3.557400 0.289972 -0.693782
4.091320 0.332772 -0.650142
4.667550 0.378003 -0.574980
5.505040 0.443893 -0.483191
6.555790 0.527468 -0.344685
8.082870 0.647495 -0.141539
2.846480 0.224022 -0.765069
10.703400 0.840501 0.187404
3.160910 0.247660 -0.731991
3.542680 0.276948 -0.690729
4.092460 0.318492 -0.650142
4.670820 0.361862 -0.575223
5.502510 0.425329 -0.482843
6.549620 0.503966 -0.344266
8.113000 0.621412 -0.142028
2.839530 0.213507 -0.762999
10.722200 0.804328 0.187683
3.157870 0.236333 -0.731091
3.551460 0.265168 -0.692255
4.093550 0.304203 -0.650142
4.672060 0.345555 -0.575223
5.488060 0.404945 -0.481448
6.519470 0.478761 -0.342591
8.087200 0.591050 -0.141539
2.846040 0.204008 -0.764552
10.697100 0.764896 0.187195
3.150900 0.224755 -0.729291
16.143000 1.148650 0.848157
3.566070 0.253743 -0.694926
4.070940 0.288239 -0.646387
4.698980 0.331056 -0.578392
5.509320 0.387183 -0.483191
6.521110 0.455999 -0.342591
8.089210 0.562819 -0.141539
2.856370 0.194728 -0.767140
10.683700 0.726468 0.186915
3.151670 0.213754 -0.729291
3.557140 0.240631 -0.693018
4.095570 0.275618 -0.650142
4.660490 0.312001 -0.573517
5.498710 0.367152 -0.482146
6.522660 0.433235 -0.342591
8.067180 0.532994 -0.141120
2.849330 0.184258 -0.765069
10.670200 0.688144 0.186636
3.152390 0.202752 -0.729291
16.050900 1.029530 0.842923
3.542280 0.227208 -0.689965
4.096510 0.261319 -0.650142
4.667490 0.296109 -0.574248
5.499950 0.347954 -0.482146
6.564000 0.412974 -0.344685
8.072980 0.505083 -0.141190
2.851880 0.174428 -0.765587
10.632600 0.648461 0.185938
3.164750 0.192456 -0.731991
16.054399 0.973494 0.842923
3.546980 0.215078 -0.690729
4.050070 0.244166 -0.642633
4.648680 0.278628 -0.571811
5.501130 0.328755 -0.482146
6.549450 0.389109 -0.343847
8.066710 0.476426 -0.141050
2.844700 0.165021 -0.763516
10.638600 0.615282 0.186008
3.161450 0.182289 -0.731091
16.057400 0.923056 0.842923
3.555470 0.204385 -0.692255
4.098150 0.234146 -0.650142
4.661430 0.264696 -0.573273
5.502140 0.311472 -0.482146
6.526710 0.367187 -0.342591
8.116090 0.453762 -0.141888
2.860690 0.155931 -0.767657
10.608700 0.576409 0.185449
3.164010 0.171357 -0.731541
16.060499 0.866995 0.842923
3.556170 0.191972 -0.692255
4.098940 0.219838 -0.650142
4.678180 0.249269 -0.575223
5.515130 0.292897 -0.483191
6.527950 0.344403 -0.342591
8.081680 0.423543 -0.141260
2.851570 0.145452 -0.765069
10.598700 0.538763 0.185240
3.160700 0.160115 -0.730641
16.063499 0.810932 0.842923
3.556810 0.179559 -0.692255
4.099680 0.205530 -0.650142
4.686950 0.233331 -0.576198
5.516120 0.273645 -0.483191
6.529110 0.321613 -0.342591
8.083110 0.395332 -0.141260
2.869430 0.136322 -0.769728
10.628500 0.503089 0.185729
3.147610 0.148439 -0.727492
3.563300 0.167417 -0.693400
4.100380 0.191219 -0.650142
4.675840 0.216417 -0.574736
5.521020 0.254573 -0.483540
6.530200 0.298818 -0.342591
8.084440 0.367112 -0.141260
2.858310 0.125797 -0.766622
10.614200 0.465282 0.185449
3.153950 0.137705 -0.728841
15.996900 0.695651 0.839155
3.571710 0.155322 -0.694926
4.101020 0.176903 -0.650142
4.650790 0.198992 -0.571567
5.494050 0.233154 -0.481100
6.531200 0.276023 -0.342591
8.077680 0.338552 -0.141120
2.845240 0.114773 -0.762999
10.591800 0.427259 0.185030
3.156360 0.126773 -0.729291
16.071100 0.642676 0.842923
3.544790 0.141134 -0.689584
4.101640 0.161872 -0.650142
4.681210 0.183924 -0.575223
5.518720 0.214904 -0.483191
6.532170 0.252085 -0.342591
8.070820 0.310052 -0.140981
2.855270 0.105198 -0.765587
10.587300 0.388218 0.184926
3.162650 0.115416 -0.730641
16.001499 0.581162 0.839155
3.564880 0.129474 -0.693400
4.102180 0.147553 -0.650142
4.695740 0.167261 -0.576930
5.519440 0.195637 -0.483191
6.533010 0.229280 -0.342591
8.055910 0.279916 -0.140701
2.853690 0.095166 -0.765069
10.568600 0.350593 0.184577
3.145500 0.103798 -0.726592
15.951500 0.523595 0.836433
3.569240 0.117157 -0.694163
4.102670 0.133233 -0.650142
4.678430 0.150294 -0.574736
5.532040 0.176752 -0.484237
6.533770 0.206472 -0.342591
8.064830 0.252041 -0.140841
2.859800 0.085378 -0.766622
10.585700 0.314182 0.184856
3.151690 0.092989 -0.727942
15.953200 0.467914 0.836433
3.567660 0.104641 -0.693782
4.103110 0.118910 -0.650142
4.670990 0.133738 -0.573761
5.528640 0.157326 -0.483889
6.534450 0.183668 -0.342591
8.057670 0.223664 -0.140701
2.862010 0.075445 -0.767140
10.558800 0.276493 0.184367
3.175370 0.082596 -0.733340
15.950800 0.412117 0.836224
3.569970 0.092236 -0.694163
4.103500 0.104588 -0.650142
4.675400 0.117531 -0.574248
5.521180 0.137829 -0.483191
6.535050 0.160856 -0.342591
8.066400 0.195732 -0.140841
2.842940 0.065012 -0.761963
10.567700 0.239818 0.184507
3.171750 0.071424 -0.732441
15.932200 0.355986 0.835177
3.566340 0.079686 -0.693400
4.103840 0.090264 -0.650142
4.691660 0.101555 -0.576198
5.497730 0.118041 -0.481100
6.535570 0.138045 -0.342591
8.055040 0.167322 -0.140631
2.850880 0.055238 -0.764034
10.556400 0.202695 0.184297
3.168080 0.060277 -0.731541
15.933300 0.300373 0.835177
3.564640 0.067200 -0.693018
4.102160 0.075901 -0.649829
4.676110 0.084888 -0.574248
5.510060 0.099065 -0.482146
6.536010 0.115229 -0.342591
8.039580 0.138929 -0.140352
2.851050 0.045286 -0.764034
10.561100 0.165905 0.184367
3.152680 0.048977 -0.727942
15.942200 0.244872 0.835596
3.566810 0.054786 -0.693400
4.102400 0.061582 -0.649829
4.700190 0.068913 -0.577173
5.522320 0.080005 -0.483191
6.536380 0.092412 -0.342591
8.076000 0.111359 -0.140981
2.855060 0.035383 -0.765069
10.549600 0.128895 0.184158
3.158680 0.038041 -0.729291
15.843100 0.188048 0.830362
3.565020 0.042314 -0.693018
4.102590 0.047261 -0.649829
4.708350 0.052595 -0.578148
5.526550 0.060771 -0.483540
6.536660 0.069596 -0.342591
8.020350 0.082593 -0.140003
2.859030 0.025450 -0.766104
10.558000 0.092136 0.184297
3.168540 0.027099 -0.731541
15.883600 0.135846 0.832456
3.537660 0.029639 -0.687676
4.102730 0.032941 -0.649829
4.676730 0.036733 -0.574248
5.510790 0.041361 -0.482146
6.536860 0.046777 -0.342591
8.036580 0.056106 -0.140282
2.847500 0.015904 -0.762999
10.574200 0.057212 0.184577
3.158860 0.016541 -0.729291
3.561300 0.018026 -0.692255
4.102810 0.019336 -0.649829
4.660950 0.021151 -0.572298
5.498950 0.023037 -0.481100
6.536980 0.025101 -0.342591
8.032720 0.029446 -0.140213
2.855270 0.006479 -0.765069
10.538400 0.022068 0.183948
3.156950 0.006062 -0.728841
15.812300 0.027601 0.828688
3.557410 0.005587 -0.691492
4.102850 0.005730 -0.649829
4.688790 0.004909 -0.575711
5.510950 0.003849 -0.482146
6.537030 0.002284 -0.342591
8.056770 0.001409 -0.140631
2.857210 -0.003989 -0.765587
10.546400 -0.016566 0.184088
3.153060 -0.005503 -0.727942
15.812300 -0.030357 0.828688
3.569190 -0.007475 -0.693782
4.102850 -0.009309 -0.649829
4.680830 -0.012254 -0.574736
5.530850 -0.016410 -0.483889
6.536990 -0.021678 -0.342591
8.076720 -0.028193 -0.140981
2.857170 -0.014462 -0.765587
10.554200 -0.055262 0.184228
3.153020 -0.017060 -0.727942
15.884000 -0.085941 0.832456
3.553430 -0.019846 -0.690729
4.102790 -0.024347 -0.649829
4.656930 -0.029261 -0.571811
5.522790 -0.035665 -0.483191
6.536880 -0.044496 -0.342591
8.056580 -0.056246 -0.140631
2.860970 -0.024468 -0.766622
10.542000 -0.090159 0.184018
3.160740 -0.027583 -0.729741
3.561200 -0.032321 -0.692255
4.102680 -0.037952 -0.649829
4.692540 -0.045047 -0.576198
5.510680 -0.054824 -0.482146
6.536690 -0.066173 -0.342591
8.020340 -0.083992 -0.140003
2.858940 -0.033932 -0.766104
10.545600 -0.127005 0.184088
3.180110 -0.038854 -0.734240
3.572850 -0.044276 -0.694545
4.102520 -0.052273 -0.649829
4.680450 -0.061270 -0.574736
5.502500 -0.072992 -0.481448
6.536420 -0.088990 -0.342591
8.020020 -0.110588 -0.140003
2.856870 -0.043882 -0.765587
10.537200 -0.161852 0.183948
3.172170 -0.049279 -0.732441
3.558930 -0.056529 -0.691873
4.102330 -0.065877 -0.649829
4.676250 -0.076726 -0.574248
5.482290 -0.091865 -0.479705
6.536090 -0.110665 -0.342591
8.035580 -0.138859 -0.140282
2.854780 -0.053319 -0.765069
10.542500 -0.198745 0.184053
3.168080 -0.060277 -0.731541
15.781500 -0.300265 0.827222
3.564610 -0.068444 -0.693018
4.070470 -0.079578 -0.644823
4.658090 -0.092693 -0.572055
5.497890 -0.110365 -0.481100
6.535670 -0.133479 -0.342591
8.007080 -0.164928 -0.139794
2.862300 -0.063455 -0.767140
10.553800 -0.233970 0.184263
3.160070 -0.070608 -0.729741
3.585940 -0.081376 -0.697216
4.101790 -0.093799 -0.649829
4.663710 -0.108278 -0.572786
5.509420 -0.129837 -0.482146
6.535190 -0.155151 -0.342591
8.058440 -0.194129 -0.140701
2.862070 -0.072947 -0.767140
10.544900 -0.270603 0.184123
3.179280 -0.082142 -0.734240
3.562100 -0.092655 -0.692637
4.101430 -0.108116 -0.649829
4.689100 -0.125245 -0.575955
5.508930 -0.149067 -0.482146
6.534610 -0.177963 -0.342591
8.017730 -0.221155 -0.140003
2.877240 -0.083887 -0.771281
10.519900 -0.306711 0.183704
3.175080 -0.093125 -0.733340
3.549960 -0.105360 -0.690347
4.101010 -0.123148 -0.649829
4.668790 -0.141013 -0.573517
5.496430 -0.167931 -0.481100
6.533910 -0.201912 -0.342591
8.016910 -0.249140 -0.140003
2.869200 -0.093677 -0.769210
10.538700 -0.345923 0.184053
3.172770 -0.104697 -0.732891
3.580970 -0.118793 -0.696453
4.100550 -0.137462 -0.649829
4.690070 -0.158864 -0.576198
5.471920 -0.186303 -0.479008
6.533170 -0.224718 -0.342591
8.004000 -0.276708 -0.139794
2.866930 -0.103622 -0.768693
10.569500 -0.382024 0.184612
3.166560 -0.115006 -0.731541
3.580530 -0.131292 -0.696453
4.102050 -0.151132 -0.650142
4.673650 -0.173825 -0.574248
5.523000 -0.207346 -0.483540
6.532380 -0.246382 -0.342591
8.038950 -0.306015 -0.140422
2.864640 -0.113053 -0.768175
10.556100 -0.418441 0.184402
3.173930 -0.126369 -0.733340
3.576150 -0.143008 -0.695690
4.101500 -0.165450 -0.650142
4.673010 -0.190138 -0.574248
5.494370 -0.225479 -0.481100
6.531480 -0.269183 -0.342591
8.025850 -0.333576 -0.140213
2.871920 -0.123884 -0.770245
10.514600 -0.453562 0.183704
3.181260 -0.137784 -0.735140
3.575610 -0.156114 -0.695690
4.100860 -0.180482 -0.650142
4.688180 -0.207150 -0.576198
5.505490 -0.245189 -0.482146
6.530450 -0.293120 -0.342591
8.016640 -0.361230 -0.140073
2.844460 -0.132649 -0.762999
10.484900 -0.490788 0.183215
3.172950 -0.149077 -0.733340
3.578960 -0.168780 -0.696453
4.100210 -0.194795 -0.650142
4.687390 -0.224332 -0.576198
5.492660 -0.263831 -0.481100
6.529390 -0.315914 -0.342591
7.975390 -0.387271 -0.139375
2.870990 -0.143931 -0.770245
10.451300 -0.523953 0.182657
3.168540 -0.159403 -0.732441
3.566590 -0.180675 -0.694163
4.067970 -0.206786 -0.645136
4.686620 -0.239874 -0.576198
5.515580 -0.284233 -0.483191
6.528310 -0.337564 -0.342591
8.009930 -0.416979 -0.140003
2.872430 -0.153554 -0.770763
10.485300 -0.562359 0.183285
3.166020 -0.170357 -0.731991
15.661800 -0.842731 0.821989
3.577730 -0.193137 -0.696453
4.098790 -0.222700 -0.650142
4.677830 -0.255799 -0.575223
5.526550 -0.303177 -0.484237
6.527090 -0.360350 -0.342591
8.008510 -0.443539 -0.140003
2.869940 -0.163470 -0.770245
10.483400 -0.597127 0.183285
3.161550 -0.180633 -0.731091
3.545670 -0.203821 -0.690347
4.098030 -0.236291 -0.650142
4.676960 -0.271310 -0.575223
5.493630 -0.320609 -0.481448
6.525860 -0.381993 -0.342591
7.994930 -0.470786 -0.139794
2.859740 -0.172405 -0.767657
10.505200 -0.635165 0.183704
3.168680 -0.192139 -0.732891
3.548900 -0.215816 -0.691110
4.097180 -0.250594 -0.650142
4.660130 -0.286658 -0.573273
5.516340 -0.341260 -0.483540
6.524490 -0.404770 -0.342591
7.981260 -0.497943 -0.139584
2.849450 -0.182268 -0.765069
10.475000 -0.670044 0.183215
3.164100 -0.202949 -0.731991
3.555920 -0.229328 -0.692637
4.096230 -0.265609 -0.650142
4.667020 -0.303439 -0.574248
5.515120 -0.360513 -0.483540
6.522960 -0.428681 -0.342591
7.979480 -0.525800 -0.139584
2.871930 -0.193774 -0.771281
10.476500 -0.708702 0.183285
3.167220 -0.214809 -0.732891
3.566850 -0.242538 -0.694926
4.095280 -0.279906 -0.650142
4.657960 -0.319998 -0.573273
5.509850 -0.379489 -0.483191
6.521420 -0.451447 -0.342591
7.977500 -0.555043 -0.139584
2.863530 -0.203251 -0.769210
10.481900 -0.745835 0.183425
3.162560 -0.225586 -0.731991
15.644500 -1.118670 0.821989
3.585560 -0.256387 -0.698743
4.094280 -0.294200 -0.650142
4.660770 -0.336541 -0.573761
5.496570 -0.397856 -0.482146
6.519810 -0.474209 -0.342591
7.987480 -0.583760 -0.139794
2.868580 -0.213676 -0.770763
10.515100 -0.785100 0.184053
3.155930 -0.236188 -0.730641
3.557240 -0.266846 -0.693400
4.093230 -0.308490 -0.650142
4.679360 -0.354307 -0.576198
5.511040 -0.418247 -0.483540
6.518110 -0.496964 -0.342591
7.997350 -0.612555 -0.140003
2.877450 -0.224439 -0.773351
10.492400 -0.820241 0.183704
3.164800 -0.247964 -0.732891
3.571940 -0.280491 -0.696453
4.092120 -0.322776 -0.650142
4.658310 -0.369071 -0.573761
5.473800 -0.434642 -0.480402
6.516340 -0.519714 -0.342591
7.959290 -0.637593 -0.139375
2.857390 -0.232912 -0.768175
10.489500 -0.856861 0.183704
3.154200 -0.258214 -0.730641
15.632200 -1.279710 0.821989
3.551380 -0.291352 -0.692637
4.090970 -0.337058 -0.650142
4.684690 -0.387621 -0.577173
5.484160 -0.454735 -0.481448
6.554290 -0.545771 -0.344685
7.969090 -0.664981 -0.139584
2.858490 -0.243048 -0.768693
10.486600 -0.891641 0.183704
3.164980 -0.269665 -0.733340
3.581630 -0.306425 -0.698743
4.089830 -0.350622 -0.650142
4.691290 -0.403835 -0.578148
5.502390 -0.475591 -0.483191
6.512650 -0.564057 -0.342591
7.954760 -0.691755 -0.139375
2.865360 -0.253206 -0.770763
10.483400 -0.928240 0.183704
3.164020 -0.280711 -0.733340
3.584510 -0.318648 -0.699506
4.088580 -0.364896 -0.650142
4.689850 -0.420208 -0.578148
5.488870 -0.492766 -0.482146
6.510640 -0.586787 -0.342591
7.952300 -0.719518 -0.139375
2.864460 -0.263207 -0.770763
10.480100 -0.964828 0.183704
3.161080 -0.291575 -0.732891
3.567740 -0.329713 -0.696453
4.087280 -0.379166 -0.650142
4.672540 -0.435104 -0.576198
5.510930 -0.514144 -0.484237
6.508550 -0.609509 -0.342591
7.933810 -0.745775 -0.139096
2.859680 -0.272837 -0.769728
10.488600 -1.002550 0.183913
3.161980 -0.302793 -0.733340
15.612800 -1.497840 0.821989
3.597830 -0.345164 -0.702559
4.085940 -0.393431 -0.650142
4.671000 -0.451411 -0.576198
5.485300 -0.531073 -0.482146
6.506380 -0.632225 -0.342591
7.970970 -0.777346 -0.139794
2.852940 -0.282247 -0.768175
10.457200 -1.036390 0.183425
3.157030 -0.313444 -0.732441
3.565350 -0.354612 -0.696453
4.084540 -0.407691 -0.650142
4.685190 -0.469296 -0.578148
5.483410 -0.550217 -0.482146
6.543880 -0.658934 -0.344685
7.984120 -0.806774 -0.140073
2.848090 -0.291810 -0.767140
10.437600 -1.071250 0.183146
3.163670 -0.325259 -0.734240
3.583620 -0.369067 -0.700269
4.083090 -0.421946 -0.650142
4.687480 -0.486057 -0.578636
5.481460 -0.569355 -0.482146
6.501810 -0.677632 -0.342591
7.925570 -0.828815 -0.139096
2.860510 -0.303175 -0.770763
10.465600 -1.111060 0.183704
3.156700 -0.335682 -0.732891
15.596200 -1.661250 0.821989
3.566690 -0.379910 -0.697216
4.081590 -0.436196 -0.650142
4.697590 -0.503686 -0.580098
5.503210 -0.591038 -0.484237
6.499410 -0.700323 -0.342591
7.962390 -0.860774 -0.139794
2.865250 -0.313289 -0.772316
10.461800 -1.145760 0.183704
3.155570 -0.346148 -0.732891
15.590700 -1.712960 0.821989
3.549800 -0.390020 -0.694163
4.080120 -0.449729 -0.650142
4.678140 -0.517298 -0.577904
5.501220 -0.609284 -0.484237
6.548660 -0.727607 -0.345313
7.959490 -0.887174 -0.139794
2.871810 -0.324156 -0.774387
10.473700 -1.184070 0.183983
3.164020 -0.358258 -0.735140
3.571820 -0.405064 -0.698743
4.078530 -0.463968 -0.650142
4.656580 -0.531374 -0.575467
5.487180 -0.627126 -0.483191
6.494490 -0.744547 -0.342591
7.932510 -0.912211 -0.139375
2.857230 -0.332615 -0.770763
10.437700 -1.216910 0.183425
3.164690 -0.369526 -0.735590
3.562590 -0.416617 -0.697216
4.076880 -0.478202 -0.650142
4.674420 -0.549945 -0.577904
5.461220 -0.643478 -0.481100
6.491850 -0.767212 -0.342591
7.929270 -0.939895 -0.139375
2.848380 -0.341666 -0.768693
10.437400 -1.253820 0.183495
3.145970 -0.378476 -0.731541
3.568910 -0.429990 -0.698743
4.075190 -0.492430 -0.650142
4.688230 -0.568169 -0.579854
5.470800 -0.663978 -0.482146
6.489130 -0.789869 -0.342591
7.933880 -0.968537 -0.139515
2.854840 -0.352554 -0.770763
10.436900 -1.290730 0.183564
3.133020 -0.388018 -0.728841
15.565200 -1.930470 0.821989
3.575180 -0.443411 -0.700269
4.073450 -0.506652 -0.650142
4.688190 -0.584776 -0.580098
5.488220 -0.685540 -0.483889
6.565610 -0.822445 -0.346778
7.946330 -0.998219 -0.139794
2.870840 -0.364708 -0.775422
10.440300 -1.328170 0.183704
3.164510 -0.403138 -0.736490
3.577510 -0.456385 -0.701032
4.103000 -0.524879 -0.655148
4.634930 -0.594570 -0.573761
5.458130 -0.701139 -0.481448
6.523080 -0.840255 -0.344685
7.930900 -1.024410 -0.139584
2.863800 -0.373976 -0.773869
10.447500 -1.366160 0.183913
3.153420 -0.412917 -0.734240
3.572000 -0.468360 -0.700269
4.069810 -0.535078 -0.650142
4.683990 -0.617491 -0.580098
5.487250 -0.724359 -0.484237
6.480510 -0.857778 -0.342591
7.939350 -1.052280 -0.139794
2.852910 -0.382686 -0.771281
10.466600 -1.403990 0.184332
3.161700 -0.424669 -0.736490
3.585910 -0.482922 -0.703322
4.068010 -0.548571 -0.650142
4.674050 -0.631957 -0.579123
5.476800 -0.742439 -0.483540
6.548870 -0.888935 -0.346359
7.923740 -1.078370 -0.139584
2.861190 -0.393461 -0.773869
10.445800 -1.438330 0.184053
3.156330 -0.435170 -0.735590
3.557060 -0.491052 -0.697979
4.066070 -0.562768 -0.650142
4.679680 -0.649359 -0.580098
5.497850 -0.764846 -0.485632
6.545730 -0.911789 -0.346359
7.919930 -1.106030 -0.139584
2.852080 -0.402864 -0.771798
10.420900 -1.471990 0.183704
3.143220 -0.444548 -0.732891
3.559120 -0.504637 -0.698743
4.063980 -0.577667 -0.650142
4.667560 -0.664292 -0.578879
5.495150 -0.784032 -0.485632
6.597710 -0.943692 -0.349290
7.979360 -1.142740 -0.140701
2.854480 -0.413371 -0.772834
10.439200 -1.513620 0.184123
3.155070 -0.458025 -0.736040
3.565110 -0.518187 -0.700269
4.061940 -0.591849 -0.650142
4.675030 -0.682014 -0.580098
5.492380 -0.803209 -0.485632
6.539040 -0.958605 -0.346359
7.983240 -1.171740 -0.140841
2.851180 -0.422551 -0.772316
10.430200 -1.547640 0.184053
3.147750 -0.467626 -0.734690
3.540070 -0.526540 -0.695690
4.059960 -0.605316 -0.650142
4.670780 -0.697220 -0.579854
5.489680 -0.821418 -0.485632
6.516070 -0.977322 -0.345313
7.943710 -1.192870 -0.140213
2.840210 -0.430556 -0.769728
10.444800 -1.585220 0.184402
3.150030 -0.478647 -0.735590
3.561500 -0.542442 -0.700269
4.057930 -0.618776 -0.650142
4.668320 -0.713520 -0.579854
5.498600 -0.842386 -0.486678
6.500780 -0.998242 -0.344685
7.967170 -1.224840 -0.140701
2.846250 -0.442149 -0.771798
10.423100 -1.621030 0.184123
3.138630 -0.488690 -0.733340
3.540090 -0.552464 -0.696453
4.055630 -0.633645 -0.650142
4.708820 -0.737382 -0.585217
5.471860 -0.858827 -0.484586
6.583890 -1.035720 -0.349290
7.958680 -1.253410 -0.140631
2.848430 -0.453185 -0.772834
10.428900 -1.661110 0.184332
3.138740 -0.500498 -0.733790
3.561400 -0.568532 -0.701032
4.104000 -0.656619 -0.658276
4.690410 -0.752121 -0.583267
5.464890 -0.877290 -0.484237
6.505300 -1.046640 -0.345313
7.965880 -1.284480 -0.140841
2.839200 -0.461885 -0.770763
10.458600 -1.703290 0.184961
3.138900 -0.511765 -0.734240
3.536150 -0.577165 -0.696453
4.082180 -0.667752 -0.655148
4.664240 -0.764635 -0.580342
5.489320 -0.900878 -0.486678
6.548900 -1.077120 -0.347825
7.985020 -1.316180 -0.141260
2.858540 -0.475278 -0.776457
10.421000 -1.734530 0.184402
3.146700 -0.524320 -0.736490
3.557350 -0.593381 -0.701032
4.048660 -0.676786 -0.650142
4.661680 -0.780098 -0.580342
5.474350 -0.918057 -0.485632
6.497830 -1.092030 -0.345313
7.980610 -1.342660 -0.141260
2.835990 -0.481200 -0.770763
10.427000 -1.771090 0.184612
3.125740 -0.531485 -0.731991
3.551490 -0.604516 -0.700269
4.046390 -0.690208 -0.650142
4.682550 -0.799562 -0.583267
5.498770 -0.940910 -0.488072
6.494180 -1.113570 -0.345313
7.991880 -1.371820 -0.141539
2.840090 -0.491590 -0.772316
10.417200 -1.804980 0.184542
3.129720 -0.542846 -0.733340
3.530120 -0.612931 -0.696453
4.044080 -0.703623 -0.650142
4.695380 -0.818630 -0.585217
5.479920 -0.956399 -0.486678
6.510120 -1.138540 -0.346359
7.987050 -1.399710 -0.141539
2.842160 -0.502173 -0.773351
10.414700 -1.842020 0.184612
3.127800 -0.553768 -0.733340
15.494900 -2.746120 0.824710
3.551160 -0.629361 -0.701032
4.041600 -0.717735 -0.650142
4.649500 -0.827364 -0.579854
5.492240 -0.978317 -0.488072
6.506110 -1.161260 -0.346359
7.982110 -1.427580 -0.141539
2.844200 -0.512777 -0.774387
10.408300 -1.878370 0.184612
3.122020 -0.563990 -0.732441
15.512800 -2.805170 0.826176
3.548940 -0.641753 -0.701032
4.039070 -0.731839 -0.650142
4.658300 -0.845716 -0.581317
5.508220 -1.002010 -0.489815
6.529520 -1.188970 -0.347825
7.961340 -1.452560 -0.141260
2.840400 -0.522848 -0.773869
10.385900 -1.911790 0.184332
3.143030 -0.579122 -0.737839
15.550000 -2.867990 0.828688
3.527260 -0.651192 -0.697216
4.036360 -0.746638 -0.650142
4.659220 -0.862694 -0.581804
5.496850 -1.019770 -0.489118
6.525120 -1.212890 -0.347825
7.991610 -1.486930 -0.141888
2.844250 -0.533829 -0.775422
10.380800 -1.950210 0.184367
3.138970 -0.590277 -0.737390
15.492300 -2.916100 0.826176
3.544260 -0.667132 -0.701032
4.103610 -0.773901 -0.661405
4.667730 -0.881977 -0.583267
5.450010 -1.031760 -0.485283
6.548320 -1.240870 -0.349290
7.982180 -1.515460 -0.141818
2.830890 -0.542070 -0.772316
10.405300 -1.992460 0.184926
3.129230 -0.599764 -0.735590
15.501600 -2.973930 0.827222
3.518650 -0.675675 -0.696453
4.030910 -0.775502 -0.650142
4.660730 -0.897514 -0.582779
5.477680 -1.056820 -0.488072
6.516280 -1.259560 -0.347825
7.949350 -1.538000 -0.141330
2.838750 -0.552312 -0.774904
10.426500 -2.030490 0.185414
3.127330 -0.609591 -0.735590
15.590200 -3.041730 0.832456
3.559020 -0.694383 -0.704848
4.028590 -0.787458 -0.650142
4.657880 -0.912152 -0.582779
5.494070 -1.076900 -0.489815
6.492910 -1.275040 -0.346778
7.968030 -1.567600 -0.141748
2.840600 -0.562968 -0.775940
10.439000 -2.070760 0.185763
3.146210 -0.624679 -0.740539
3.541170 -0.703741 -0.701796
4.025820 -0.801516 -0.650142
4.646880 -0.926852 -0.581804
5.470740 -1.092170 -0.488072
6.508010 -1.301610 -0.347825
7.970350 -1.596970 -0.141888
2.836720 -0.572498 -0.775422
10.478700 -2.116690 0.186601
3.123000 -0.631409 -0.735590
15.498200 -3.136240 0.828688
3.542540 -0.716876 -0.702559
4.046230 -0.820273 -0.653896
4.647510 -0.943857 -0.582292
5.451270 -1.108080 -0.486678
6.550390 -1.333880 -0.350337
7.945130 -1.620790 -0.141539
2.819570 -0.579287 -0.771281
10.471300 -2.153250 0.186601
3.124590 -0.643092 -0.736490
3.509250 -0.722900 -0.696453
4.037540 -0.833195 -0.652958
4.640300 -0.959271 -0.581804
5.462980 -1.130330 -0.488072
6.498760 -1.347010 -0.347825
7.939430 -1.648510 -0.141539
2.826980 -0.591102 -0.773869
10.416700 -2.179960 0.185763
3.133770 -0.656392 -0.739189
15.546300 -3.259110 0.832456
3.529770 -0.739979 -0.701032
4.015270 -0.843223 -0.649829
4.652460 -0.978732 -0.583754
5.458800 -1.150350 -0.488072
6.474480 -1.365570 -0.346778
7.933620 -1.676220 -0.141539
2.828580 -0.602264 -0.774904
10.471600 -2.229630 0.186880
3.112410 -0.663266 -0.734690
3.534710 -0.754551 -0.702559
4.035340 -0.862891 -0.653583
4.649020 -0.994966 -0.583754
5.458650 -1.170230 -0.488421
6.488960 -1.393480 -0.347825
7.939450 -1.706420 -0.141748
2.835900 -0.614179 -0.777492
10.494700 -2.274780 0.187439
3.117570 -0.676321 -0.736490
3.551240 -0.771050 -0.706375
4.009140 -0.871934 -0.649829
4.653100 -1.013690 -0.584729
5.493460 -1.197770 -0.491907
6.484050 -1.416120 -0.347825
7.921730 -1.731560 -0.141539
2.818640 -0.620750 -0.773351
10.522200 -2.317310 0.188067
3.119120 -0.687495 -0.737390
15.511300 -3.421730 0.832456
3.510190 -0.774977 -0.698743
4.006220 -0.885224 -0.649829
4.641960 -1.027400 -0.583754
5.458120 -1.210040 -0.489118
6.444220 -1.429830 -0.345941
7.915640 -1.759200 -0.141539
2.816570 -0.630094 -0.773351
10.541400 -2.360140 0.188556
3.139520 -0.703491 -0.742788
3.530590 -0.791768 -0.703322
4.003110 -0.899203 -0.649829
4.634470 -1.042720 -0.583267
5.442420 -1.225500 -0.488072
6.497640 -1.465500 -0.349081
7.925360 -1.788960 -0.141818
2.814350 -0.639921 -0.773351
10.478900 -2.382670 0.187578
3.114370 -0.708710 -0.737390
3.523970 -0.803214 -0.702559
4.030920 -0.919502 -0.654835
4.650340 -1.062510 -0.585704
5.438110 -1.244490 -0.488072
6.492750 -1.487040 -0.349081
7.950250 -1.823770 -0.142377
2.812210 -0.649251 -0.773351
10.478300 -2.421030 0.187718
3.111870 -0.719577 -0.737390
3.544240 -0.820208 -0.707138
3.996890 -0.926430 -0.649829
4.619530 -1.072450 -0.582292
5.437610 -1.264370 -0.488421
6.464170 -1.504260 -0.347825
7.936050 -1.849700 -0.142237
2.821100 -0.662202 -0.776457
10.489300 -2.462170 0.188067
3.122620 -0.733554 -0.740539
15.657000 -3.680980 0.842923
3.537390 -0.832293 -0.706375
4.043460 -0.952854 -0.657963
4.627350 -1.091300 -0.583754
5.440920 -1.285180 -0.489118
6.458620 -1.527940 -0.347825
7.913980 -1.873700 -0.141958
2.815010 -0.671150 -0.775422
10.460700 -2.495950 0.187718
3.100960 -0.740468 -0.736040
15.644100 -3.735610 0.842923
3.515370 -0.840073 -0.702559
3.990160 -0.955008 -0.649829
4.607880 -1.104550 -0.581804
5.428650 -1.302300 -0.488421
6.453240 -1.550480 -0.347825
7.930720 -1.906930 -0.142377
2.799510 -0.677790 -0.771798
10.475700 -2.536270 0.188137
3.115530 -0.754877 -0.740089
15.631000 -3.790190 0.842923
3.523860 -0.855116 -0.704848
3.986970 -0.968234 -0.649829
4.646630 -1.130150 -0.587167
5.439560 -1.325020 -0.489815
6.545090 -1.595520 -0.353058
7.908480 -1.930800 -0.142097
2.799120 -0.687530 -0.772316
10.494000 -2.579510 0.188626
3.118550 -0.767145 -0.741439
15.617600 -3.844730 0.842923
3.509570 -0.863981 -0.702559
3.983570 -0.982145 -0.649829
4.615670 -1.139700 -0.583754
5.435140 -1.343050 -0.489815
6.489070 -1.605880 -0.350337
7.917210 -1.962250 -0.142377
2.809830 -0.700568 -0.775940
10.484900 -2.616120 0.188626
3.096950 -0.773305 -0.736940
15.604100 -3.899220 0.842923
3.529390 -0.881938 -0.707138
4.010780 -1.003720 -0.654835
4.630920 -1.160630 -0.586192
5.453610 -1.367830 -0.491907
6.417560 -1.611980 -0.346778
7.894800 -1.985970 -0.142097
2.803620 -0.709425 -0.774904
10.491200 -2.656630 0.188905
3.107450 -0.787461 -0.740089
15.590400 -3.953670 0.842923
3.492030 -0.885566 -0.700269
3.976620 -1.009930 -0.649829
4.599910 -1.169940 -0.582779
5.460380 -1.389800 -0.492953
6.458350 -1.646210 -0.349290
7.907200 -2.018460 -0.142447
2.801130 -0.719207 -0.774904
10.481900 -2.693240 0.188905
3.112240 -0.800245 -0.741889
3.523140 -0.906556 -0.707138
3.973070 -1.023810 -0.649829
4.603480 -1.187970 -0.583754
5.424630 -1.400890 -0.490164
6.452560 -1.668750 -0.349290
7.888490 -2.043040 -0.142237
2.802340 -0.729954 -0.775940
10.491800 -2.734860 0.189254
3.103770 -0.809628 -0.740539
3.519960 -0.918849 -0.707138
3.969470 -1.037670 -0.649829
4.591630 -1.202020 -0.582779
5.419710 -1.419810 -0.490164
6.516250 -1.709510 -0.353058
7.900650 -2.075640 -0.142586
2.799770 -0.739731 -0.775940
10.505400 -2.777600 0.189673
3.104690 -0.821454 -0.741439
15.548200 -4.116710 0.842923
3.505340 -0.928115 -0.704848
4.004010 -1.061640 -0.656086
4.602750 -1.222120 -0.584729
5.449380 -1.447930 -0.493302
6.510240 -1.732240 -0.353058
7.877900 -2.099090 -0.142307
2.789710 -0.747500 -0.773869
10.518800 -2.820460 0.190092
3.088630 -0.828751 -0.738289
3.502080 -0.940346 -0.704848
4.011730 -1.078690 -0.657963
4.602510 -1.238410 -0.585217
5.428900 -1.462800 -0.491907
6.407740 -1.728940 -0.347825
7.886340 -2.129370 -0.142586
2.805860 -0.761809 -0.779045
10.501600 -2.853230 0.189952
3.093390 -0.841034 -0.740089
3.480000 -0.946800 -0.701032
3.996690 -1.088870 -0.656086
4.617530 -1.258880 -0.587654
5.462460 -1.491290 -0.495393
6.448210 -1.762820 -0.350337
7.906240 -2.162900 -0.143075
2.803320 -0.771109 -0.779045
10.499800 -2.890160 0.190092
3.094340 -0.852322 -0.740989
3.495770 -0.963551 -0.704848
3.954980 -1.091610 -0.649829
4.601850 -1.271020 -0.586192
5.457490 -1.509390 -0.495393
6.442330 -1.784190 -0.350337
7.864340 -2.179500 -0.142447
2.789580 -0.777290 -0.775940
10.501700 -2.928190 0.190301
3.095250 -0.863626 -0.741889
3.458520 -0.965635 -0.697979
3.989380 -1.115360 -0.656086
4.612900 -1.290550 -0.588142
5.425590 -1.519960 -0.492953
6.447910 -1.808780 -0.350965
7.872470 -2.209890 -0.142726
2.771840 -0.783306 -0.771798
10.479400 -2.963400 0.190092
3.099560 -0.877088 -0.743688
3.526740 -0.998630 -0.712481
4.042280 -1.146140 -0.665472
4.592630 -1.303910 -0.586192
5.446550 -1.548410 -0.495393
6.429710 -1.829130 -0.350337
7.883150 -2.245580 -0.143075
2.776380 -0.795589 -0.773869
10.499800 -3.008770 0.190650
3.075880 -0.881993 -0.738739
3.507960 -1.007220 -0.709428
3.943130 -1.133650 -0.649829
4.599500 -1.323230 -0.587654
5.441110 -1.567410 -0.495393
6.434480 -1.856000 -0.350965
7.909850 -2.283060 -0.143703
2.788420 -0.809584 -0.778010
10.527100 -3.058390 0.191348
3.070750 -0.892717 -0.738289
15.635500 -4.548450 0.853390
3.504420 -1.019450 -0.709428
3.939150 -1.147410 -0.649829
4.594620 -1.340080 -0.587654
5.435610 -1.586390 -0.495393
6.408790 -1.872850 -0.349918
7.889910 -2.308670 -0.143494
2.778170 -0.817132 -0.775940
10.516300 -3.095120 0.191348
3.078830 -0.906734 -0.740989
15.619500 -4.603000 0.853390
3.489540 -1.028350 -0.707138
4.029850 -1.189110 -0.665472
4.582300 -1.353860 -0.586679
5.430030 -1.605360 -0.495393
6.429030 -1.903140 -0.351384
7.881810 -2.336190 -0.143494
2.771600 -0.825722 -0.774904
10.505400 -3.131810 0.191348
3.086850 -0.920817 -0.743688
3.474640 -1.037160 -0.704848
3.980250 -1.189590 -0.657963
4.588960 -1.373260 -0.588142
5.424400 -1.624300 -0.495393
6.452950 -1.934750 -0.353058
7.851030 -2.355420 -0.143075
2.768700 -0.835391 -0.774904
10.495000 -3.166630 0.191348
3.068860 -0.926543 -0.740089
3.534890 -1.068590 -0.717823
3.976280 -1.202780 -0.657963
4.591980 -1.390770 -0.589116
5.418690 -1.643230 -0.495393
6.396810 -1.941060 -0.350337
7.888680 -2.396770 -0.143913
2.773300 -0.846825 -0.776975
10.485800 -3.203830 0.191383
3.073060 -0.939528 -0.741889
3.482520 -1.065380 -0.707901
3.953170 -1.210870 -0.654835
4.568120 -1.400970 -0.586679
5.412930 -1.662130 -0.495393
6.439630 -1.978630 -0.353058
7.903200 -2.431340 -0.144331
2.788630 -0.862693 -0.782151
10.551000 -3.264050 0.192779
3.062310 -0.947945 -0.740089
3.489840 -1.081620 -0.710191
3.941160 -1.223010 -0.653583
4.578360 -1.421620 -0.588629
5.407090 -1.681020 -0.495393
6.432340 -2.002220 -0.353058
7.894670 -2.458920 -0.144331
2.767170 -0.866648 -0.776975
10.519900 -3.296720 0.192430
3.071840 -0.963244 -0.743238
3.459820 -1.085570 -0.704848
3.951950 -1.241500 -0.656086
4.569340 -1.437200 -0.588142
5.401190 -1.699880 -0.495393
6.425310 -2.024660 -0.353058
7.908490 -2.495050 -0.144750
2.745710 -0.870464 -0.771798
10.550200 -3.346720 0.193198
3.070310 -0.974550 -0.743688
3.474720 -1.103580 -0.708665
3.966410 -1.261270 -0.659215
4.590770 -1.461570 -0.591554
5.395220 -1.718720 -0.495393
6.418200 -2.047080 -0.353058
7.850200 -2.506830 -0.143843
2.764730 -0.887126 -0.778010
10.511800 -3.374970 0.192709
3.066890 -0.985262 -0.743688
15.693400 -5.041630 0.863857
3.433470 -1.103690 -0.701032
3.943180 -1.269050 -0.656086
4.585900 -1.476790 -0.591554
5.389190 -1.737550 -0.495393
6.411020 -2.069470 -0.353058
7.879900 -2.545140 -0.144541
2.765450 -0.897482 -0.779045
10.542400 -3.423400 0.193477
3.069170 -0.997233 -0.745038
15.676600 -5.093640 0.863857
3.455930 -1.123570 -0.706375
3.952100 -1.286400 -0.658276
4.528130 -1.474770 -0.584729
5.383400 -1.755410 -0.495393
6.442090 -2.103110 -0.355152
7.860020 -2.567530 -0.144331
2.760620 -0.906045 -0.778528
10.512000 -3.452100 0.193128
3.060290 -1.005580 -0.743688
15.658700 -5.148330 0.863857
3.444720 -1.132570 -0.704848
3.944060 -1.298270 -0.657651
4.549350 -1.499270 -0.588142
5.407820 -1.783230 -0.498182
6.397150 -2.111940 -0.353058
7.888980 -2.607500 -0.145030
2.742780 -0.910805 -0.774387
10.537800 -3.501390 0.193826
3.075250 -1.022400 -0.748187
15.640700 -5.202960 0.863857
3.422120 -1.138390 -0.701032
3.950750 -1.315770 -0.659528
4.544090 -1.515140 -0.588142
5.397790 -1.800840 -0.497834
6.389740 -2.134260 -0.353058
7.879830 -2.635030 -0.145030
2.743240 -0.921605 -0.775422
10.605200 -3.564910 0.195292
3.075360 -1.034380 -0.749087
15.622400 -5.257530 0.863857
3.455340 -1.162850 -0.708665
3.889970 -1.310630 -0.650142
4.553820 -1.536070 -0.590091
5.365040 -1.810750 -0.495393
6.420100 -2.169340 -0.355152
7.916050 -2.677890 -0.145867
2.743670 -0.932418 -0.776457
10.562400 -3.591610 0.194734
3.049590 -1.037570 -0.743688
15.604000 -5.312030 0.863857
3.443830 -1.172370 -0.707138
3.930250 -1.339500 -0.657651
4.548430 -1.551960 -0.590091
5.358690 -1.829470 -0.495393
6.423830 -2.195610 -0.355780
7.899080 -2.702920 -0.145728
2.745880 -0.943873 -0.778010
10.568700 -3.634960 0.195083
3.051480 -1.050110 -0.745038
3.436000 -1.183110 -0.706375
3.925550 -1.353210 -0.657651
4.535480 -1.565230 -0.589116
5.378630 -1.857260 -0.497834
6.416120 -2.218020 -0.355780
7.904720 -2.735710 -0.146007
2.749860 -0.955990 -0.780081
10.574800 -3.678400 0.195432
3.034910 -1.056270 -0.741889
3.468930 -1.208010 -0.714007
3.931990 -1.370800 -0.659528
4.522490 -1.578440 -0.588142
5.383400 -1.879970 -0.498879
6.397030 -2.236450 -0.355152
7.857370 -2.750070 -0.145309
2.742870 -0.964301 -0.779045
10.573200 -3.719270 0.195641
3.042240 -1.070740 -0.744588
3.431360 -1.208370 -0.707138
3.919730 -1.381890 -0.658276
4.524440 -1.596860 -0.589116
5.369290 -1.896090 -0.498182
6.389180 -2.258760 -0.355152
7.859030 -2.781490 -0.145518
2.726740 -0.969340 -0.775422
10.526300 -3.744090 0.195013
3.042150 -1.082660 -0.745488
3.434520 -1.222980 -0.708665
3.933490 -1.402200 -0.661405
4.526320 -1.615310 -0.590091
5.332620 -1.904110 -0.495393
6.381260 -2.281050 -0.355152
7.860570 -2.812950 -0.145728
2.728790 -0.980813 -0.776975
10.539500 -3.790290 0.195502
3.036520 -1.092620 -0.745038
3.445010 -1.240280 -0.711718
3.917420 -1.411900 -0.659528
4.513180 -1.628410 -0.589116
5.355920 -1.933530 -0.498182
6.384530 -2.307390 -0.355780
7.843180 -2.837640 -0.145588
2.734430 -0.993631 -0.779563
10.548700 -3.835250 0.195921
3.016210 -1.097210 -0.740989
3.418520 -1.244240 -0.707138
3.949590 -1.439100 -0.665785
4.514930 -1.646870 -0.590091
5.349140 -1.952220 -0.498182
6.327660 -2.311840 -0.353058
7.855770 -2.873250 -0.146007
2.752710 -1.011160 -0.785775
10.535300 -3.872050 0.195921
3.036130 -1.116480 -0.746837
3.451000 -1.269720 -0.714771
3.888930 -1.432390 -0.656399
4.527780 -1.669490 -0.592529
5.349770 -1.973640 -0.498879
6.394490 -2.361590 -0.357245
7.868200 -2.908970 -0.146426
2.741920 -1.018080 -0.783704
10.521700 -3.908800 0.195921
3.041350 -1.130460 -0.749087
15.730400 -5.850070 0.879558
3.420790 -1.272180 -0.709428
3.920940 -1.459740 -0.662656
4.540520 -1.692210 -0.594966
5.335380 -1.989510 -0.498182
6.311370 -2.355960 -0.353058
7.820530 -2.922420 -0.145728
2.727320 -1.024040 -0.780598
10.541000 -3.960000 0.196549
3.040840 -1.142980 -0.749987
3.394050 -1.276420 -0.704848
3.841610 -1.446260 -0.650142
4.523150 -1.704640 -0.593504
5.316870 -2.004840 -0.497136
6.422280 -2.424210 -0.359757
7.840210 -2.961010 -0.146286
2.721920 -1.032870 -0.780081
10.516600 -3.990670 0.196340
3.020630 -1.146830 -0.745938
3.437290 -1.306390 -0.714771
3.866340 -1.470230 -0.655148
4.521180 -1.721050 -0.593991
5.291220 -2.016290 -0.495393
7.855990 -2.998340 -0.146775
2.727500 -1.045350 -0.782669
10.502600 -4.027360 0.196340
3.007510 -1.153870 -0.743688
3.447600 -1.323410 -0.717823
3.905430 -1.500720 -0.662656
4.492910 -1.728270 -0.591066
5.303100 -2.040980 -0.497136
6.353440 -2.447770 -0.356827
7.879060 -3.038690 -0.147403
2.734640 -1.059050 -0.785775
10.507100 -4.071220 0.196689
3.012550 -1.167890 -0.745938
15.740300 -6.105250 0.884792
3.428320 -1.329760 -0.714771
3.870710 -1.502900 -0.657651
4.494250 -1.746820 -0.592041
5.314510 -2.066700 -0.498879
6.344860 -2.469930 -0.356827
7.860950 -3.063280 -0.147263
2.727330 -1.067180 -0.784739
10.545000 -4.128280 0.197666
3.013900 -1.180530 -0.747287
3.430970 -1.344580 -0.716297
3.872800 -1.519290 -0.658902
4.506600 -1.769750 -0.594479
5.270180 -2.070670 -0.495393
6.388240 -2.512530 -0.359757
7.839580 -3.084930 -0.147054
2.711010 -1.071720 -0.781116
10.508900 -4.154410 0.197247
3.020840 -1.194820 -0.749987
3.415300 -1.352210 -0.714007
3.871410 -1.533580 -0.659528
4.478570 -1.775900 -0.591554
5.311070 -2.108160 -0.499925
6.379880 -2.533700 -0.359757
7.891950 -3.137400 -0.148241
2.712830 -1.082860 -0.782669
10.505500 -4.195520 0.197457
3.016650 -1.205350 -0.749987
15.676600 -6.267000 0.884792
3.429030 -1.370820 -0.717823
3.902710 -1.561760 -0.665785
4.483400 -1.795950 -0.593016
5.303670 -2.126690 -0.499925
6.437720 -2.582730 -0.363526
7.836410 -3.147040 -0.147403
2.716010 -1.095680 -0.784739
10.516700 -4.242640 0.197945
2.990740 -1.207120 -0.744588
15.654600 -6.321690 0.884792
3.423980 -1.383380 -0.717823
3.915270 -1.583460 -0.668914
4.477100 -1.811590 -0.593016
5.322070 -2.155660 -0.502366
6.317160 -2.561280 -0.357245
7.884680 -3.198430 -0.148520
2.712160 -1.105160 -0.784739
10.508500 -4.284170 0.198085
2.989910 -1.219550 -0.745488
3.448210 -1.407190 -0.723929
3.891440 -1.589650 -0.665785
4.470430 -1.827990 -0.593016
5.277630 -2.159140 -0.498879
6.363630 -2.606020 -0.360385
7.829050 -3.207740 -0.147682
2.697570 -1.110210 -0.781634
10.520200 -4.329650 0.198573
3.014680 -1.241330 -0.752686
15.610100 -6.430820 0.884792
3.417870 -1.408740 -0.718587
3.856920 -1.590500 -0.660779
4.449660 -1.836750 -0.591066
5.325310 -2.200370 -0.504109
6.318040 -2.611850 -0.358292
7.825200 -3.238100 -0.147822
2.695660 -1.119890 -0.782151
10.527100 -4.375560 0.198992
2.999530 -1.247360 -0.749987
3.427680 -1.426100 -0.721640
3.844060 -1.600910 -0.659528
4.450550 -1.855320 -0.592041
5.299590 -2.210350 -0.502366
6.353120 -2.652360 -0.360804
7.851320 -3.279450 -0.148520
2.707770 -1.136020 -0.786810
10.523600 -4.415080 0.199202
2.998970 -1.258800 -0.750887
15.658000 -6.575590 0.890025
3.397340 -1.427410 -0.716297
3.831440 -1.610590 -0.658276
4.473650 -1.882390 -0.595941
5.280830 -2.224200 -0.501320
6.355330 -2.678060 -0.361432
7.839830 -3.306840 -0.148520
2.696870 -1.141980 -0.784739
10.519200 -4.456470 0.199411
2.983790 -1.264700 -0.748187
3.421510 -1.450930 -0.722403
3.840340 -1.630130 -0.660779
4.448780 -1.890230 -0.593504
5.288090 -2.247930 -0.502714
6.327560 -2.692410 -0.360385
7.828240 -3.334180 -0.148520
2.692870 -1.151380 -0.784739
10.492500 -4.488440 0.199202
2.982940 -1.276640 -0.749087
3.380330 -1.447410 -0.714771
3.827370 -1.640410 -0.659528
4.431210 -1.901050 -0.592041
5.280210 -2.266380 -0.502714
6.373180 -2.738130 -0.363526
7.853290 -3.377290 -0.149218
2.692380 -1.162310 -0.785775
10.535600 -4.550420 0.200319
2.990990 -1.292460 -0.752236
15.680000 -6.778830 0.895259
3.382460 -1.462320 -0.716297
3.839750 -1.661610 -0.662656
4.439120 -1.922820 -0.593991
5.305180 -2.299050 -0.505852
6.363580 -2.760360 -0.363526
7.804770 -3.388750 -0.148520
2.681220 -1.168610 -0.783704
10.501300 -4.579170 0.199970
2.977530 -1.299000 -0.749987
3.391730 -1.480400 -0.719350
3.852020 -1.682910 -0.665785
4.446930 -1.944670 -0.595941
5.264260 -2.303180 -0.502714
6.317320 -2.766540 -0.361432
7.829520 -3.432030 -0.149218
2.687730 -1.182630 -0.786810
10.547500 -4.643190 0.201156
2.974760 -1.310170 -0.750437
3.397320 -1.496980 -0.721640
3.846130 -1.696340 -0.665785
4.447380 -1.963380 -0.596916
5.289000 -2.336030 -0.505852
6.344150 -2.804720 -0.363526
7.817490 -3.459340 -0.149218
2.687120 -1.193570 -0.787845
10.575000 -4.699470 0.201994
2.959490 -1.315790 -0.747737
3.388490 -1.507240 -0.720876
3.840180 -1.709760 -0.665785
4.436880 -1.977280 -0.596429
5.284450 -2.356100 -0.506201
6.334330 -2.826850 -0.363526
7.819980 -3.493130 -0.149497
2.675890 -1.199790 -0.785775
10.551300 -4.733080 0.201855
2.961990 -1.329310 -0.749537
3.390370 -1.522270 -0.722403
3.834190 -1.723150 -0.665785
4.415460 -1.986240 -0.594479
5.287090 -2.379440 -0.507246
6.324420 -2.848940 -0.363526
7.793150 -3.513830 -0.149218
2.671680 -1.209120 -0.785775
10.549300 -4.776480 0.202134
2.962650 -1.342050 -0.750887
3.360000 -1.522750 -0.717060
3.802970 -1.725100 -0.661405
4.419350 -2.006570 -0.595941
5.264240 -2.391290 -0.505852
6.314440 -2.871000 -0.363526
7.788120 -3.544330 -0.149358
2.662170 -1.216030 -0.784222
10.539800 -4.816600 0.202273
2.972130 -1.358870 -0.754486
3.354670 -1.534470 -0.717060
3.840030 -1.758100 -0.668914
4.412320 -2.021980 -0.595941
5.223260 -2.394710 -0.502714
6.304380 -2.893030 -0.363526
7.837480 -3.599870 -0.150544
2.673700 -1.232590 -0.788880
10.508400 -4.846660 0.201994
2.958520 -1.365150 -0.752236
3.359990 -1.551110 -0.719350
3.798000 -1.754920 -0.662656
4.426850 -2.047370 -0.598866
5.229340 -2.419620 -0.504109
6.294240 -2.915020 -0.363526
7.788590 -3.610390 -0.149846
2.660630 -1.237840 -0.786292
10.513200 -4.893440 0.202413
2.959040 -1.377940 -0.753586
3.375910 -1.572780 -0.723929
3.809760 -1.776520 -0.665785
4.408890 -2.057770 -0.597404
5.242520 -2.447970 -0.506201
6.284030 -2.936970 -0.363526
7.823030 -3.659580 -0.150754
2.654540 -1.246300 -0.785775
10.535800 -4.948810 0.203181
2.940100 -1.381630 -0.749987
3.370400 -1.584550 -0.723929
3.821410 -1.798220 -0.668914
4.394490 -2.069770 -0.596429
5.233950 -2.466260 -0.506201
6.309860 -2.975930 -0.365619
7.770420 -3.668090 -0.149986
2.643190 -1.252250 -0.783704
10.529400 -4.990700 0.203390
2.940540 -1.394390 -0.751337
3.300990 -1.566010 -0.710191
3.815110 -1.811550 -0.668914
4.398360 -2.089440 -0.597891
5.203710 -2.474250 -0.504109
6.263370 -2.980770 -0.363526
7.787110 -3.707590 -0.150544
2.646000 -1.264340 -0.785775
2.949970 -1.410860 -0.754936
3.348910 -1.602370 -0.721640
3.880340 -1.858320 -0.681429
4.387830 -2.102300 -0.597404
5.231410 -2.508720 -0.507595
6.300270 -3.023990 -0.366247
7.807220 -3.748970 -0.151173
2.645270 -1.274790 -0.786810
2.924210 -1.410470 -0.749537
3.329430 -1.606640 -0.718587
3.803010 -1.836810 -0.668914
4.376890 -2.115870 -0.596916
5.223060 -2.526050 -0.507595
6.308180 -3.053570 -0.367294
7.804880 -3.781430 -0.151382
2.647750 -1.287390 -0.788880
2.929780 -1.425790 -0.752236
14.820200 -7.215490 0.863857
3.327330 -1.619970 -0.719350
14.741600 -7.180410 1.434580
3.821430 -1.862190 -0.673294
4.394460 -2.143320 -0.600328
5.196310 -2.535530 -0.505852
6.322610 -3.087840 -0.368759
7.813190 -3.819190 -0.151801
2.636300 -1.293220 -0.786810
2.921290 -1.434290 -0.751337
14.437600 -7.088550 0.842923
3.300510 -1.621190 -0.714771
14.376700 -7.064870 1.401460
3.814910 -1.875510 -0.673294
4.379830 -2.155140 -0.599353
5.233900 -2.576530 -0.510384
6.311790 -3.109890 -0.368759
7.793310 -3.841540 -0.151661
2.642160 -1.307560 -0.789916
2.928740 -1.450020 -0.754486
14.054800 -6.961610 0.821989
3.326490 -1.648390 -0.721640
14.016400 -6.948640 1.368690
3.819290 -1.893420 -0.675171
4.393990 -2.180240 -0.602278
5.207030 -2.585930 -0.508641
6.258520 -3.109480 -0.366247
7.772690 -3.865160 -0.151522
2.630900 -1.312860 -0.787845
2.939350 -1.468070 -0.758535
3.278570 -1.638930 -0.712481
3.847990 -1.924410 -0.681429
4.400560 -2.202670 -0.604228
5.219350 -2.614790 -0.510733
6.247080 -3.132400 -0.366247
7.805620 -3.915580 -0.152429
2.622620 -1.320760 -0.786810
2.926990 -1.475320 -0.756735
3.307600 -1.668620 -0.720113
3.812700 -1.924260 -0.676423
4.371190 -2.208050 -0.601303
5.231070 -2.644690 -0.512824
6.321090 -3.198560 -0.371271
7.812630 -3.955000 -0.152848
2.634980 -1.339120 -0.791986
2.918090 -1.484280 -0.755836
3.312260 -1.685490 -0.722403
3.763370 -1.916710 -0.668914
4.363460 -2.223290 -0.601303
5.221800 -2.662940 -0.512824
6.249410 -3.189730 -0.367712
7.788090 -3.976790 -0.152639
2.633960 -1.349610 -0.793022
2.909680 -1.492170 -0.754936
3.296170 -1.691090 -0.720113
3.792140 -1.947220 -0.675171
4.356060 -2.237750 -0.601303
5.248380 -2.698460 -0.516311
6.203280 -3.192160 -0.365619
2.607160 -1.346810 -0.786292
2.918570 -1.508970 -0.758535
3.276590 -1.694800 -0.717060
3.775140 -1.954340 -0.673294
4.355270 -2.256590 -0.602278
5.204030 -2.697510 -0.512824
6.192660 -3.212710 -0.365619
2.607580 -1.358580 -0.787845
2.909830 -1.517340 -0.757635
3.291540 -1.717120 -0.721640
3.784050 -1.975730 -0.676110
4.368480 -2.282820 -0.605203
5.240490 -2.739660 -0.517356
6.252190 -3.271350 -0.369806
2.595990 -1.364080 -0.785775
2.906240 -1.528400 -0.758085
3.306380 -1.739570 -0.726219
3.759650 -1.979730 -0.672981
4.339410 -2.286950 -0.602278
5.213270 -2.748640 -0.515613
6.208940 -3.276370 -0.367922
2.603160 -1.379460 -0.789398
2.869890 -1.522100 -0.749987
3.289880 -1.745580 -0.723929
3.724810 -1.978010 -0.667975
4.348930 -2.311400 -0.604716
5.210680 -2.770570 -0.516311
6.253880 -3.328050 -0.371271
2.601730 -1.390360 -0.790433
2.885190 -1.543130 -0.755386
3.294150 -1.762610 -0.726219
3.745740 -2.005920 -0.672981
4.333840 -2.322810 -0.603741
5.211510 -2.794390 -0.517356
6.224630 -3.340420 -0.370225
2.601970 -1.402190 -0.791986
2.890070 -1.558750 -0.758085
3.287980 -1.774100 -0.726219
3.738720 -2.018990 -0.672981
4.322210 -2.336040 -0.603253
5.201720 -2.812560 -0.517356
6.188340 -3.348820 -0.368759
2.586870 -1.405730 -0.788880
2.882900 -1.567890 -0.757635
11.026400 -5.999290 0.657863
3.271420 -1.779930 -0.723929
3.731650 -2.032030 -0.672981
4.331460 -2.360610 -0.605691
5.180890 -2.825880 -0.516311
6.264280 -3.418230 -0.373993
2.590170 -1.419840 -0.791469
2.885950 -1.582630 -0.759885
3.254550 -1.786250 -0.721640
3.699930 -2.032370 -0.668601
4.338850 -2.384320 -0.607884
5.164010 -2.840110 -0.515613
6.251710 -3.441170 -0.373993
2.585200 -1.428870 -0.791469
2.880130 -1.593200 -0.759885
3.258600 -1.803300 -0.723929
3.727380 -2.064420 -0.674858
4.324880 -2.397320 -0.607153
5.126180 -2.842660 -0.512824
6.211710 -3.447460 -0.372318
2.583570 -1.439770 -0.792504
2.871430 -1.600840 -0.758985
3.279720 -1.829970 -0.730035
3.755010 -2.096020 -0.681116
4.311700 -2.408740 -0.606422
5.171880 -2.891650 -0.518402
6.161900 -3.446590 -0.370015
2.585520 -1.452110 -0.794574
2.865830 -1.610860 -0.758985
3.256520 -1.831210 -0.726219
3.747670 -2.109120 -0.681116
4.329210 -2.438390 -0.610078
5.151850 -2.902920 -0.517356
6.215940 -3.505360 -0.373993
2.560260 -1.449710 -0.788363
2.870360 -1.626620 -0.761684
3.274020 -1.856120 -0.731562
3.740280 -2.122190 -0.681116
4.310320 -2.447610 -0.608616
5.183260 -2.944500 -0.521540
6.203670 -3.527040 -0.373993
2.568610 -1.466300 -0.792504
2.854510 -1.630830 -0.758985
3.260700 -1.863640 -0.730035
3.732850 -2.135230 -0.681116
4.301750 -2.462640 -0.608616
5.141830 -2.944750 -0.518402
6.191320 -3.548670 -0.373993
2.560130 -1.473330 -0.791469
2.845420 -1.638830 -0.758085
3.240570 -1.867170 -0.726982
3.725380 -2.148250 -0.681116
4.286250 -2.473670 -0.607641
5.145320 -2.970650 -0.519797
6.241150 -3.606230 -0.377761
2.558570 -1.483750 -0.792504
2.860200 -1.660000 -0.763484
3.237750 -1.879880 -0.727746
3.718230 -2.160590 -0.681116
4.278020 -2.487870 -0.607641
5.152660 -2.997720 -0.521540
6.167020 -3.590730 -0.373993
2.553370 -1.492670 -0.792504
2.852700 -1.668990 -0.763034
3.214230 -1.881250 -0.723929
3.710670 -2.173550 -0.681116
4.279590 -2.508810 -0.609103
6.206120 -3.642570 -0.377133
2.544820 -1.499610 -0.791469
2.841820 -1.675970 -0.761684
3.221170 -1.900440 -0.726982
3.703060 -2.186490 -0.681116
4.274220 -2.525750 -0.609591
6.141800 -3.633700 -0.373993
2.542890 -1.510460 -0.792504
2.840980 -1.688860 -0.763034
3.217890 -1.913680 -0.727746
3.695400 -2.199410 -0.681116
4.289260 -2.554880 -0.613003
6.129080 -3.655110 -0.373993
2.545890 -1.524290 -0.795092
2.830050 -1.695770 -0.761684
3.217920 -1.928940 -0.729272
3.687700 -2.212290 -0.681116
4.273500 -2.565750 -0.612028
6.160790 -3.703240 -0.376714
2.552130 -1.540150 -0.798716
2.824120 -1.705630 -0.761684
3.197730 -1.932040 -0.726219
3.679960 -2.225150 -0.681116
4.240750 -2.566260 -0.608616
6.103410 -3.697810 -0.373993
2.531890 -1.540020 -0.794057
2.828140 -1.721560 -0.764384
3.221150 -1.961570 -0.733088
3.672170 -2.237980 -0.681116
4.231760 -2.581050 -0.608616
6.199560 -3.785710 -0.380692
2.536380 -1.554900 -0.797163
2.812140 -1.725310 -0.761684
3.200890 -1.964590 -0.730035
3.708100 -2.277670 -0.689250
4.226110 -2.597890 -0.609103
6.138680 -3.778020 -0.377761
2.524360 -1.559690 -0.795092
2.812730 -1.739210 -0.763484
3.207370 -1.984010 -0.733088
3.656460 -2.263570 -0.681116
4.244010 -2.629350 -0.613003
6.132240 -3.803630 -0.378180
2.523820 -1.571550 -0.796645
2.790110 -1.738720 -0.758985
3.183770 -1.984810 -0.729272
3.648530 -2.276320 -0.681116
4.217970 -2.633630 -0.610565
6.159580 -3.850430 -0.380692
2.518320 -1.580350 -0.796645
2.790620 -1.752590 -0.760784
3.176820 -1.995910 -0.729272
3.674010 -2.310070 -0.687373
4.225550 -2.658910 -0.613003
6.163000 -3.882550 -0.381738
2.519320 -1.593260 -0.798716
2.791070 -1.766490 -0.762584
3.179790 -2.013290 -0.731562
3.675940 -2.329220 -0.689250
4.233010 -2.684280 -0.615440
6.149410 -3.904040 -0.381738
2.510480 -1.599970 -0.797680
2.789820 -1.779360 -0.763934
3.185980 -2.032820 -0.734615
3.684430 -2.352670 -0.692379
4.247030 -2.714000 -0.618853
6.145840 -3.931940 -0.382367
2.504880 -1.608720 -0.797680
2.787180 -1.790710 -0.764834
3.168960 -2.037560 -0.732325
3.616800 -2.326400 -0.681116
4.224660 -2.719480 -0.616903
6.166340 -3.973930 -0.384460
2.496290 -1.614920 -0.796645
2.779280 -1.799370 -0.764384
3.152300 -2.041650 -0.730035
3.608660 -2.339020 -0.681116
4.221800 -2.738530 -0.617878
6.152430 -3.995440 -0.384460
2.505200 -1.633120 -0.801304
2.779510 -1.813320 -0.766183
3.164880 -2.065520 -0.734615
3.600470 -2.351600 -0.681116
4.212210 -2.753250 -0.617878
6.094990 -3.988450 -0.381738
2.491410 -1.636550 -0.798716
2.778050 -1.826220 -0.767533
3.154370 -2.074400 -0.733851
3.641740 -2.396730 -0.690502
4.202580 -2.767930 -0.617878
2.474410 -1.637780 -0.795092
2.773280 -1.836990 -0.767983
3.143840 -2.083230 -0.733088
3.633350 -2.409430 -0.690502
4.216050 -2.797950 -0.621290
2.489570 -1.660340 -0.801821
2.766850 -1.846660 -0.767983
3.136550 -2.094190 -0.733088
3.624920 -2.422100 -0.690502
4.186450 -2.799410 -0.618365
2.480260 -1.667300 -0.800786
2.752300 -1.850870 -0.765733
3.148390 -2.118820 -0.737668
3.629130 -2.444190 -0.693005
4.212870 -2.838410 -0.623727
2.477630 -1.678110 -0.801821
2.739050 -1.856570 -0.763934
3.124730 -2.118780 -0.733851
3.617300 -2.454630 -0.692379
4.166310 -2.829300 -0.618365
2.471750 -1.686750 -0.801821
2.742210 -1.872710 -0.766633
3.127040 -2.136320 -0.736141
3.654370 -2.498460 -0.701139
4.189180 -2.866240 -0.623240
2.451520 -1.685520 -0.797163
2.745280 -1.888900 -0.769333
3.103390 -2.136090 -0.732325
3.622850 -2.495510 -0.696759
4.192220 -2.889860 -0.625190
2.459920 -1.703960 -0.801821
2.733870 -1.895140 -0.767983
3.121730 -2.164810 -0.738431
3.591400 -2.492370 -0.692379
4.182110 -2.904480 -0.625190
2.451080 -1.709900 -0.800786
2.722780 -1.900850 -0.766633
3.101660 -2.166160 -0.735378
3.557210 -2.486160 -0.687373
4.188720 -2.929710 -0.627627
2.445100 -1.718450 -0.800786
2.720910 -1.913700 -0.767983
3.081230 -2.167940 -0.732325
3.619580 -2.548600 -0.701139
4.178470 -2.944310 -0.627627
2.450120 -1.734780 -0.804410
2.720570 -1.927700 -0.769782
3.086460 -2.187760 -0.735378
3.588100 -2.545220 -0.696759
4.168680 -2.958150 -0.627627
2.445930 -1.744020 -0.804927
2.712580 -1.935580 -0.769333
3.098360 -2.211670 -0.739957
3.602150 -2.573180 -0.701139
4.178230 -2.985810 -0.630552
2.427580 -1.743110 -0.800786
2.699810 -1.940010 -0.767533
3.068690 -2.205890 -0.734615
3.571140 -2.568960 -0.696759
4.158120 -2.993420 -0.629090
2.438700 -1.764030 -0.806480
2.697760 -1.952850 -0.768883
3.083240 -2.232710 -0.739957
3.578150 -2.593010 -0.699888
2.432530 -1.772530 -0.806480
2.687780 -1.959960 -0.767983
3.053220 -2.227260 -0.734615
3.553120 -2.593830 -0.696759
2.429440 -1.783300 -0.807515
2.690340 -1.976250 -0.770682
3.045430 -2.237910 -0.734615
3.582240 -2.634310 -0.704268
2.413880 -1.784870 -0.804410
2.688130 -1.989110 -0.772032
3.059690 -2.264880 -0.739957
3.550800 -2.630330 -0.699888
2.412280 -1.796750 -0.805963
2.673360 -1.992660 -0.769782
3.042320 -2.268500 -0.737668
3.525770 -2.630900 -0.696759
2.407540 -1.806320 -0.806480
2.672620 -2.006660 -0.771582
3.021820 -2.269670 -0.734615
3.532350 -2.655060 -0.699888
2.407390 -1.819370 -0.808551
2.664040 -2.014800 -0.771132
3.023280 -2.287320 -0.736904
3.587630 -2.716260 -0.712716
2.408710 -1.833610 -0.811139
2.660090 -2.026450 -0.772032
3.005910 -2.290720 -0.734615
3.578130 -2.728770 -0.712716
2.394630 -1.836130 -0.808551
2.663830 -2.044030 -0.775181
3.032150 -2.327490 -0.743010
3.527850 -2.709950 -0.704581
2.397380 -1.851570 -0.811657
2.655130 -2.052120 -0.774731
3.024010 -2.338060 -0.743010
3.558990 -2.753680 -0.712716
2.384480 -1.855600 -0.809586
2.652570 -2.064970 -0.776081
3.015420 -2.349130 -0.743010
3.508370 -2.735130 -0.704581
2.393190 -1.875820 -0.814762
2.641910 -2.072270 -0.775181
3.031910 -2.379030 -0.749116
3.539200 -2.779080 -0.712716
2.374820 -1.874180 -0.810621
2.631970 -2.078600 -0.774282
2.999360 -2.369600 -0.743010
3.474180 -2.746690 -0.701452
2.359520 -1.874830 -0.807515
2.634210 -2.094600 -0.776981
3.016070 -2.399090 -0.749116
3.520690 -2.802490 -0.712716
2.368040 -1.895130 -0.812692
2.632970 -2.108650 -0.778781
2.995420 -2.399780 -0.746063
3.510880 -2.814760 -0.712716
2.358410 -1.900960 -0.811657
2.621040 -2.114160 -0.777431
3.004940 -2.425540 -0.750643
3.461080 -2.794730 -0.704581
2.372420 -1.926640 -0.818903
2.608740 -2.120070 -0.776081
2.989930 -2.431590 -0.749116
3.490650 -2.839810 -0.712716
2.356370 -1.927980 -0.815798
2.606980 -2.134550 -0.777881
3.017450 -2.472390 -0.758275
3.480220 -2.852590 -0.712716
2.343320 -1.931690 -0.813727
2.608160 -2.151530 -0.780580
2.981110 -2.460940 -0.751406
3.469740 -2.865320 -0.712716
2.352450 -1.950960 -0.818903
2.595770 -2.154280 -0.778781
2.986310 -2.479280 -0.754459
3.461220 -2.875610 -0.712716
2.339360 -1.954620 -0.816833
2.588230 -2.163330 -0.778781
2.971180 -2.485170 -0.752932
3.450660 -2.888270 -0.712716
2.336950 -1.966500 -0.818386
2.583270 -2.175310 -0.779680
2.935460 -2.472760 -0.746063
3.461700 -2.918120 -0.717096
2.328600 -1.973400 -0.817868
2.571580 -2.180090 -0.778331
2.965740 -2.516020 -0.755985
3.470080 -2.944930 -0.720850
2.324980 -1.983620 -0.818903
2.589150 -2.210560 -0.785979
2.981260 -2.546240 -0.762091
3.420740 -2.923650 -0.712716
2.317700 -1.992130 -0.818903
2.562210 -2.203070 -0.780130
2.948100 -2.536660 -0.755985
3.410000 -2.936170 -0.712716
2.322410 -2.010320 -0.823045
2.558540 -2.216270 -0.781480
2.980770 -2.582930 -0.766671
3.399730 -2.948050 -0.712716
2.318650 -2.020550 -0.824080
2.555580 -2.228590 -0.782830
2.930760 -2.556670 -0.755985
3.410770 -2.977500 -0.717096
2.304670 -2.021860 -0.821492
2.543780 -2.233190 -0.781480
2.904570 -2.550830 -0.751406
3.380100 -2.970540 -0.712716
2.288920 -2.022210 -0.818386
2.550570 -2.254970 -0.785979
2.901530 -2.566150 -0.752932
2.290500 -2.037900 -0.821492
2.533950 -2.256080 -0.783280
2.916010 -2.597160 -0.759038
3.359280 -2.994060 -0.712716
2.290570 -2.052330 -0.824080
2.514450 -2.254500 -0.779680
2.901080 -2.602080 -0.757512
2.292000 -2.068070 -0.827186
2.522480 -2.277630 -0.784629
2.900720 -2.620080 -0.759801
2.281900 -2.073460 -0.826150
2.510190 -2.282490 -0.783280
2.900270 -2.638120 -0.762091
2.267530 -2.074900 -0.823562
2.516570 -2.304400 -0.787779
2.899730 -2.656180 -0.764381
2.268790 -2.090650 -0.826668
2.494190 -2.299960 -0.783280
2.904870 -2.679600 -0.768197
2.258650 -2.095930 -0.825633
2.489000 -2.311300 -0.784179
2.901260 -2.695070 -0.769724
2.264020 -2.115670 -0.830292
2.496580 -2.334620 -0.789128
2.886100 -2.699820 -0.768197
2.255220 -2.122240 -0.829774
2.481320 -2.336640 -0.786879
2.853790 -2.688330 -0.762091
2.243590 -2.126110 -0.828221
2.491530 -2.362720 -0.792728
2.867180 -2.719900 -0.768197
2.240350 -2.137930 -0.829774
2.474810 -2.363330 -0.790028
2.863340 -2.735310 -0.769724
2.237050 -2.149760 -0.831327
2.458530 -2.363420 -0.787329
2.859440 -2.750740 -0.771250
2.243790 -2.170590 -0.836503
2.471270 -2.392320 -0.794077
2.844660 -2.754740 -0.769724
2.220980 -2.163580 -0.830809
2.464720 -2.401860 -0.794527
2.829400 -2.759170 -0.768197
2.214420 -2.173060 -0.831327
2.465210 -2.420860 -0.797676
2.830480 -2.780530 -0.771250
2.217810 -2.191640 -0.835468
2.458550 -2.430390 -0.798126
2.820750 -2.790390 -0.771250
2.202310 -2.190810 -0.832362
2.433480 -2.422460 -0.792728
2.800350 -2.788650 -0.768197
2.213760 -2.217630 -0.839609
2.429140 -2.435080 -0.794077
2.807240 -2.815090 -0.772776
2.189680 -2.208880 -0.833397
2.430220 -2.453240 -0.797227
2.800160 -2.827660 -0.773540
2.199580 -2.234400 -0.840127
2.438050 -2.478380 -0.802625
2.795780 -2.843020 -0.775066
2.189060 -2.239300 -0.839091
2.414400 -2.471540 -0.797676
2.774860 -2.841520 -0.772013
2.178540 -2.244160 -0.838056
2.407550 -2.480930 -0.798126
2.784060 -2.870920 -0.777356
2.177790 -2.258330 -0.840644
2.402930 -2.493530 -0.799476
2.801770 -2.908420 -0.784988
2.169900 -2.265910 -0.840644
2.408120 -2.515560 -0.803975
2.750880 -2.875620 -0.773540
2.155710 -2.266100 -0.838056
2.403360 -2.528190 -0.805325
2.752150 -2.896110 -0.776593
2.161060 -2.287650 -0.843232
2.398530 -2.540810 -0.806674
2.744720 -2.908560 -0.777356
2.157020 -2.299410 -0.844785
2.381650 -2.540640 -0.803975
2.758720 -2.943910 -0.784225
2.143320 -2.301640 -0.842715
2.379410 -2.556070 -0.806225
2.750580 -2.956870 -0.784988
2.132650 -2.306270 -0.841680
2.373990 -2.569070 -0.807574
2.740240 -2.966460 -0.784988
2.133730 -2.323670 -0.845303
2.360190 -2.571180 -0.805775
2.716600 -2.961530 -0.781172
2.122110 -2.326450 -0.843750
2.355130 -2.583730 -0.807124
2.117450 -2.338510 -0.845303
2.347410 -2.593380 -0.807574
2.107990 -2.344450 -0.844785
2.343100 -2.607760 -0.809374
2.106640 -2.358630 -0.847374
2.344820 -2.627150 -0.812973
2.087260 -2.352590 -0.842715
2.334800 -2.633450 -0.812523
2.086290 -2.368930 -0.845821
2.322560 -2.639060 -0.811623
2.078860 -2.378010 -0.846338
2.309020 -2.643160 -0.810274
2.077730 -2.394370 -0.849444
2.306980 -2.660430 -0.812973
2.069780 -2.401250 -0.849444
2.294330 -2.663640 -0.811623
2.054260 -2.399290 -0.846338
2.294350 -2.681600 -0.814773
2.042540 -2.401680 -0.844785
2.280400 -2.683250 -0.812973
2.043700 -2.420960 -0.848927
2.273530 -2.694180 -0.813873
2.038960 -2.432520 -0.850479
2.267400 -2.706970 -0.815223
2.031690 -2.441110 -0.850997
2.264160 -2.722360 -0.817472
2.026850 -2.452650 -0.852550
2.262090 -2.739260 -0.820172
2.012150 -2.452240 -0.849962
2.245100 -2.738100 -0.817472
2.012110 -2.469740 -0.853585
2.242910 -2.754990 -0.820172
2.012420 -2.486910 -0.857209
2.226410 -2.753320 -0.817472
2.229470 -2.775880 -0.821971
2.221720 -2.787080 -0.822871
2.213900 -2.798260 -0.823771
2.202200 -2.802530 -0.822871
2.206790 -2.828630 -0.828270
2.197400 -2.835940 -0.828270
2.188680 -2.845130 -0.828720
2.181100 -2.855850 -0.829619
2.171790 -2.865380 -0.830069
2.158760 -2.867900 -0.828720
2.163900 -2.895710 -0.834568
2.167060 -2.920080 -0.839517
2.145300 -2.911940 -0.835018
2.131030 -2.912750 -0.833219
2.112960 -2.911440 -0.830519
2.121010 -2.944100 -0.837718
2.115250 -2.957830 -0.839517
2.104920 -2.965190 -0.839517
2.099040 -2.978890 -0.841317
2.089150 -2.985840 -0.841317
2.083160 -2.999510 -0.843117
