16.052099 -8.352650 -0.315854
15.857900 -8.318520 -0.312573
15.666800 -8.295130 -0.309431
15.514200 -8.283840 -0.306988
15.345800 -8.259420 -0.304195
15.193900 -8.246170 -0.301752
15.072000 -8.248270 -0.299902
14.915600 -8.233880 -0.297389
14.816900 -8.246990 -0.295993
14.695300 -8.243250 -0.294108
14.621200 -8.268910 -0.293200
20.323200 -11.549900 1.225080
14.510900 -8.276860 -0.291595
20.365101 -11.663200 0.409643
20.343399 -11.655500 1.228740
14.388300 -8.273640 -0.289710
20.350500 -11.744700 0.410132
20.347900 -11.747900 1.231360
14.322700 -8.299250 -0.288942
20.339100 -11.828200 0.410690
20.362000 -11.851000 1.234710
14.229800 -8.311880 -0.287651
19.857800 -11.641200 0.401789
20.334299 -11.930100 1.235550
14.157600 -8.336130 -0.286778
20.322800 -12.014100 0.412086
20.330400 -12.023300 1.237850
14.100900 -8.369170 -0.286219
20.334400 -12.112100 0.413133
20.329500 -12.118800 1.240360
14.016700 -8.385490 -0.285103
20.326300 -12.203600 0.413831
20.330200 -12.210800 1.242870
14.031600 -8.457730 -0.285975
20.314800 -12.298300 1.244550
14.034500 -8.526390 -0.286638
20.348600 -12.406200 0.415996
20.292200 -12.381600 1.245810
14.014900 -8.581590 -0.286848
18.787201 -11.544400 0.384895
20.316900 -12.494200 1.249990
13.983100 -8.629410 -0.286813
15.773300 -9.768450 0.323847
20.310600 -12.588200 1.252290
14.010600 -8.714070 -0.288000
20.312201 -12.687600 1.255120
14.098700 -8.837270 -0.290443
20.298700 -12.767900 0.418579
20.315100 -12.788200 1.258050
14.034000 -8.865070 -0.289745
20.291201 -12.862300 0.419346
20.314199 -12.886800 1.260770
14.902100 -9.486360 -0.308349
20.284300 -12.962400 0.420184
20.292700 -12.972700 1.262240
14.811700 -9.501610 -0.307162
20.291700 -13.062100 0.421231
14.701100 -9.503320 -0.305557
20.272800 -13.150200 0.421790
14.584100 -9.500010 -0.303811
19.773199 -12.924400 0.412331
14.510700 -9.524520 -0.302974
20.238899 -13.329900 0.423011
14.440700 -9.550850 -0.302206
20.265600 -13.449100 0.424547
14.344000 -9.559060 -0.300880
20.251801 -13.542000 0.425245
14.280700 -9.589000 -0.300251
19.648800 -13.238300 0.413552
14.220600 -9.620860 -0.299693
19.610800 -13.312500 0.413727
14.188600 -9.671570 -0.299728
18.694300 -12.785900 0.395332
14.204200 -9.755000 -0.300775
18.649000 -12.855500 0.395367
14.153700 -9.793150 -0.300426
14.145600 -9.860790 -0.300984
20.257099 -14.168300 0.431493
20.279400 -14.289600 0.433029
14.311500 -10.125600 -0.306010
14.251800 -10.154500 -0.305452
20.243500 -14.471500 0.434355
20.231800 -14.570200 0.435193
20.231001 -14.677100 0.436275
20.211901 -14.771200 0.436973
20.210100 -14.878400 0.438055
13.921200 -10.289900 -0.302171
13.756900 -10.242900 -0.299379
13.599500 -10.199700 -0.296726
13.368800 -10.173300 -0.293235
13.335000 -10.217500 -0.293235
13.263100 -10.232400 -0.292398
15.875400 -12.655000 1.063990
15.840500 -12.717900 1.064620
7.006060 -6.085980 1.139480
3.744870 -3.515440 -0.449375
3.725340 -3.521650 -0.448503
3.720240 -3.541500 -0.449375
3.687720 -3.535160 -0.446935
13.026900 -12.553500 0.948118
3.640950 -3.514800 -0.442751
3.740980 -3.616410 -0.090822
12.941500 -12.549900 0.314667
12.928500 -12.546100 0.944141
3.591520 -3.491380 -0.438219
3.698240 -3.600160 -0.090089
12.864700 -12.562900 0.313864
12.847500 -12.554800 0.941419
3.565070 -3.489960 -0.436476
3.655670 -3.583650 -0.089356
12.752300 -12.540400 0.312189
12.763700 -12.560400 0.938488
3.518820 -3.468810 -0.432292
3.626060 -3.579530 -0.088937
12.667200 -12.544000 0.311176
12.638900 -12.524700 0.932522
3.458610 -3.433350 -0.426366
3.589430 -3.568200 -0.088344
12.597900 -12.562800 0.310548
12.580400 -12.549700 0.931266
3.570510 -3.573010 -0.088170
12.520900 -12.569100 0.309676
12.525200 -12.582200 0.930429
3.392430 -3.415010 -0.421137
3.558020 -3.585450 -0.088170
12.479700 -12.615500 0.309745
12.479800 -12.624400 0.930324
3.364300 -3.409220 -0.419045
3.527230 -3.579330 -0.087716
12.466500 -12.690400 0.310513
12.462200 -12.695000 0.932313
3.339820 -3.408140 -0.417476
3.500730 -3.577330 -0.087367
12.445800 -12.758200 0.311107
12.466600 -12.788400 0.935976
3.318180 -3.409780 -0.416256
3.472890 -3.573750 -0.086983
12.423500 -12.824500 0.311665
12.449700 -12.860600 0.938070
3.285490 -3.399850 -0.413641
3.439570 -3.564270 -0.086459
12.425800 -12.916800 0.312852
12.429700 -12.929900 0.939954
3.268080 -3.405550 -0.412944
3.414660 -3.563260 -0.086145
12.448300 -13.030900 0.314562
12.391300 -12.980400 0.940477
3.232810 -3.392410 -0.409981
3.384280 -3.556320 -0.085691
12.422000 -13.094600 0.315051
12.354200 -13.032300 0.941105
3.223690 -3.406570 -0.410329
3.344370 -3.539050 -0.084993
12.402300 -13.165600 0.315714
12.333300 -13.101500 0.942989
3.196770 -3.401830 -0.408412
3.318310 -3.536120 -0.084644
12.363100 -13.216100 0.315889
12.317500 -13.176600 0.945292
3.157690 -3.383840 -0.404926
3.295040 -3.535980 -0.084365
12.322300 -13.265000 0.316028
12.279600 -13.228300 0.945920
3.248290 -3.504150 -0.586679
3.143150 -3.391920 -0.404577
3.273170 -3.537180 -0.084121
12.309800 -13.344700 0.316901
12.260000 -13.295300 0.947804
3.233960 -3.511980 -0.586192
3.120500 -3.391140 -0.403182
3.345940 -3.638690 -0.259063
3.254660 -3.540660 -0.083946
12.281700 -13.403100 0.317320
12.225300 -13.346200 0.948537
3.182100 -3.478740 -0.578879
3.106550 -3.398530 -0.402834
3.233460 -3.541090 -0.083702
12.258700 -13.467500 0.317878
12.198800 -13.411000 0.950107
3.149920 -3.467790 -0.575223
3.081870 -3.394060 -0.401091
3.194220 -3.522730 -0.083004
12.237100 -13.538300 0.318541
12.181300 -13.486100 0.952410
3.107210 -3.444860 -0.569617
3.053990 -3.387040 -0.398999
3.179220 -3.530890 -0.082934
12.209800 -13.603300 0.319065
12.179500 -13.579100 0.955969
3.091190 -3.451250 -0.568886
3.039490 -3.394710 -0.398650
3.153550 -3.527060 -0.082585
12.202200 -13.690600 0.320112
12.169300 -13.663300 0.958899
3.061980 -3.442730 -0.565718
3.013060 -3.388920 -0.396733
3.137240 -3.533560 -0.082480
12.188800 -13.772100 0.321020
12.155900 -13.744600 0.961621
3.040740 -3.442990 -0.564011
3.106370 -3.523490 -0.081991
12.160400 -13.837100 0.321543
12.150000 -13.834900 0.964970
3.026090 -3.450590 -0.563524
3.125110 -3.568530 -0.248596
3.080880 -3.519260 -0.081642
12.137200 -13.913200 0.322276
12.130500 -13.910400 0.967273
3.006910 -3.454180 -0.562305
3.112630 -3.579410 -0.248596
3.060710 -3.520940 -0.081433
12.126400 -13.994200 0.323219
12.121100 -13.997900 0.970413
3.100750 -3.589720 -0.248596
3.044480 -3.527060 -0.081328
12.127000 -14.094000 0.324545
12.098200 -14.070500 0.972507
3.029540 -3.534630 -0.081258
12.119100 -14.194600 0.978159
3.005520 -3.531480 -0.080944
3.705010 -4.367250 0.099967
12.131400 -14.310000 0.983183
3.689740 -4.380160 0.099967
12.113600 -14.390400 0.985800
12.081200 -14.454100 0.987266
12.103400 -14.578600 0.993023
12.105800 -14.685500 0.997419
12.102500 -14.791600 1.001610
3.395040 -4.177600 0.093964
12.086000 -14.877100 1.004540
12.089300 -14.982400 1.008930
3.530870 -5.215080 0.550999
2.682510 -4.140180 0.086110
2.609840 -4.186370 0.086110
2.580550 -4.204490 0.086110
2.566590 -4.213020 0.086110
2.552610 -4.221510 0.086110
2.517280 -4.196100 0.085412
2.330000 -6.690830 0.123668
2.312030 -6.665450 -0.617237
2.303580 -6.648580 -0.368759
2.264000 -6.538050 -0.120771
2.290560 -6.674970 -0.617411
2.303540 -6.720420 -0.372318
2.266940 -6.617410 -0.122097
2.283140 -6.725920 -0.621420
2.295780 -6.778700 -0.124924
2.928020 -8.735710 -0.482852
2.920280 -8.722740 -0.160562
2.887450 -8.715540 -0.481177
2.881020 -8.706300 -0.160073
2.853910 -8.716080 -0.480653
2.851230 -8.718210 -0.160108
2.885790 -8.871000 0.162831
2.815800 -8.707480 -0.479607
2.823240 -8.735720 -0.160248
2.780220 -8.706320 -0.478979
2.784520 -8.725050 -0.159864
2.744400 -8.698830 -0.478037
2.751640 -8.727090 -0.159724
2.717920 -8.715510 -0.478455
2.715550 -8.713250 -0.159306
2.683120 -8.705390 -0.477409
2.685700 -8.724590 -0.159340
2.645380 -8.696060 -0.476362
2.652910 -8.726260 -0.159201
2.605820 -8.674640 -0.474687
2.624930 -8.749330 -0.159445
2.580060 -8.699000 -0.475525
2.586420 -8.731600 -0.158957
2.554170 -8.723280 -0.476362
2.554240 -8.734820 -0.158852
2.520380 -8.720630 -0.475734
2.523180 -8.741760 -0.158817
2.492120 -8.737060 -0.476153
2.493750 -8.754360 -0.158887
2.458900 -8.736100 -0.475629
2.465340 -8.770710 -0.159026
2.448690 -8.817750 -0.479607
2.434100 -8.771130 -0.158887
2.422610 -8.837380 -0.480235
2.399190 -8.757940 -0.158503
2.378680 -8.791390 -0.477304
2.372250 -8.779770 -0.158747
2.346950 -8.795770 -0.477095
2.343140 -8.793800 -0.158852
2.304550 -8.759490 -0.474687
2.312930 -8.803860 -0.158887
2.277970 -8.782950 -0.475525
2.281690 -8.809940 -0.158852
2.248230 -8.800910 -0.476048
2.249930 -8.813980 -0.158782
2.247390 -8.862080 0.159585
2.226350 -8.837370 -0.477618
2.217410 -8.873750 0.159655
2.197420 -8.852840 -0.478037
2.191230 -8.841120 -0.158991
2.182630 -8.926420 -0.481596
2.162730 -8.858430 -0.159166
2.162480 -8.918170 0.160178
2.158000 -8.961170 -0.483061
2.129460 -8.856200 -0.158991
2.148050 -8.995680 0.161435
2.134090 -8.999740 -0.484736
2.096690 -8.855790 -0.158852
2.099020 -8.991580 -0.483898
2.070030 -8.874380 -0.159061
2.045750 -8.910790 -0.159585
2.025650 -8.966640 -0.160457
2.123830 -11.186500 -0.596735
2.139620 -11.488400 -0.612435
2.075360 -11.165000 -0.198224
2.106690 -11.535100 -0.614529
2.090620 -11.665900 -0.621123
0.068561 -10.072200 -0.175816
0.037121 -10.128000 -0.530791
0.033448 -10.086400 -0.176060
8.917210 -1.426710 0.157630
8.906260 -1.456860 0.157525
8.883850 -1.488240 0.472070
8.900250 -1.522950 0.473222
8.784230 -1.514140 -0.467151
8.932350 -1.542880 -0.158224
8.957490 -1.561720 0.158712
8.898820 -1.554690 0.473431
8.772990 -1.543760 -0.466837
8.911150 -1.571280 -0.157944
8.920490 -1.587370 0.158154
8.923110 -1.589450 0.475001
8.765580 -1.574020 -0.466732
8.911800 -1.601880 -0.158049
8.905340 -1.615160 0.157979
8.899820 -1.617370 0.474059
8.762270 -1.603440 -0.466837
8.919920 -1.635500 -0.158293
8.913410 -1.648780 0.158224
8.874480 -1.644790 0.473012
8.918090 -1.667360 -0.158363
8.919090 -1.683670 0.158433
8.872320 -1.678050 0.473222
8.906970 -1.715210 0.158328
8.877870 -1.712820 0.473850
8.898670 -1.747460 0.158293
8.908770 -1.752680 0.475839
8.883640 -1.771900 0.158119
8.905490 -1.779490 0.475943
8.924430 -1.812450 0.158957
8.907050 -1.812160 0.476362
8.920010 -1.844000 0.158991
8.912730 -1.844120 0.476990
8.951020 -1.881380 0.159655
8.937510 -1.881800 0.478665
8.977640 -1.919720 0.160248
8.962130 -1.919680 0.480339
8.937330 -1.945390 0.159655
8.968700 -1.955490 0.481072
8.953570 -1.983320 0.160073
14.760700 -4.473390 0.269221
14.766800 -4.478040 0.808695
